<?xml version="1.0" encoding="UTF-8"?>
<document version="2.0.0">
  <chunk label="Chunk 1" enabled="true">
    <sensors next_id="1">
      <sensor id="0" label="iPhone 16 Pro Max, iPhone 16 Pro Max back triple camera 6.765mm f/1.78 (6.765mm)" type="frame">
        <resolution width="5712" height="4284"/>
        <property name="pixel_width" value="0.0017080920433132976"/>
        <property name="pixel_height" value="0.0017080920433132976"/>
        <property name="focal_length" value="6.7649999999999997"/>
        <property name="layer_index" value="0"/>
        <bands>
          <band label="Red"/>
          <band label="Green"/>
          <band label="Blue"/>
        </bands>
        <data_type>uint8</data_type>
        <calibration type="frame" class="adjusted">
          <resolution width="5712" height="4284"/>
          <f>3954.141452731636</f>
          <cx>26.197838986202633</cx>
          <cy>-1.0434401795410579</cy>
          <k1>0.19663711845986059</k1>
          <k2>-0.56026046217355518</k2>
          <k3>0.48092491779439195</k3>
          <p1>0.0018506201168304783</p1>
          <p2>-0.00055102178256519327</p2>
        </calibration>
        <covariance>
          <params>f cx cy k1 k2 k3 p1 p2</params>
          <coeffs>0.26009816949041015 -0.11192384433210523 0.022049874501153949 2.3163527704857146e-05 -1.2441702030176972e-05 6.2469718118978834e-05 -5.6444924290917856e-06 1.4498741276985891e-06 -0.11192384433210523 0.55417459752101905 0.033547471285508848 -1.987626091199526e-05 2.8613865995568033e-05 -3.2602805504788064e-05 3.5078523178146922e-05 2.0113357742537529e-06 0.022049874501153949 0.033547471285508848 0.36525646996743183 -1.7150781616451138e-06 1.9416514864989329e-05 -1.1343418054771012e-05 2.7787361364382027e-06 2.860684805107096e-05 2.3163527704857146e-05 -1.987626091199526e-05 -1.7150781616451138e-06 1.8427987987383949e-07 -6.5427660133353115e-07 6.8576413935171053e-07 -2.4365345162304411e-10 1.081618572843499e-10 -1.2441702030176972e-05 2.8613865995568033e-05 1.9416514864989329e-05 -6.5427660133353115e-07 2.5206180278010114e-06 -2.735189593795997e-06 -4.2427261203807224e-10 2.3478256981191491e-10 6.2469718118978834e-05 -3.2602805504788064e-05 -1.1343418054771012e-05 6.8576413935171053e-07 -2.735189593795997e-06 3.086634030582268e-06 1.0163852936939719e-11 4.1738837650788087e-10 -5.6444924290917856e-06 3.5078523178146922e-05 2.7787361364382027e-06 -2.4365345162304411e-10 -4.2427261203807224e-10 1.0163852936939719e-11 2.6310704360897708e-09 1.8030857103851121e-10 1.4498741276985891e-06 2.0113357742537529e-06 2.860684805107096e-05 1.081618572843499e-10 2.3478256981191491e-10 4.1738837650788087e-10 1.8030857103851121e-10 2.6134635788891862e-09</coeffs>
        </covariance>
        <meta>
          <property name="Exif/LensModel" value="iPhone 16 Pro Max back triple camera 6.765mm f/1.78"/>
          <property name="Exif/Make" value="Apple"/>
          <property name="Exif/Model" value="iPhone 16 Pro Max"/>
          <property name="Exif/Software" value="26.0"/>
        </meta>
      </sensor>
    </sensors>
    <components next_id="1" active_id="0">
      <component id="0" label="Component 1">
        <region>
          <center>0.143150693336771 0.57132216275491166 -2.0827654009914074</center>
          <size>6.6544547843436401 5.4925340073804065 4.203554000953833</size>
          <R>-0.24401995144106262 -0.73625768713856299 -0.63117262411172059 0.40899536571835299 -0.66826631993114061 0.62140398813219833 -0.87930486983731193 -0.10651170722068401 0.4641962969534798</R>
        </region>
        <partition>
          <camera_ids>0 1 2 3 4 5 6 7 8 9 10 11 12 13 14 15 16 17 18 19 20 21 22 23 24 25 26 27 28 29 31 32</camera_ids>
        </partition>
      </component>
    </components>
    <cameras next_id="33" next_group_id="0">
      <camera id="0" sensor_id="0" component_id="0" label="IMG_2151">
        <transform>0.99909414606676417 -0.030123480268084611 0.030057665106611509 0.035324044474139296 -0.041383309690199994 -0.85234706323293818 0.5213366527276504 -0.13977923974498394 0.0099150882097888259 -0.52210828353390837 -0.85282157060610753 0.72381774755127748 0 0 0 1</transform>
        <orientation>6</orientation>
      </camera>
      <camera id="1" sensor_id="0" component_id="0" label="IMG_2152">
        <transform>0.99934537723060535 -0.024598563269984185 0.026527866345992593 0.040410896058010189 -0.032650078914267418 -0.92905922334394286 0.36848735645397734 -0.14884733847833018 0.015581699352457429 -0.36911227316983253 -0.92925418505416957 0.71439436066684214 0 0 0 1</transform>
        <rotation_covariance>3.1857421916556333e-09 -5.6091282882777679e-10 -8.9174878807886034e-10 -5.6091282882777689e-10 1.7833051785297391e-09 6.4001769132071252e-10 -8.9174878807886045e-10 6.4001769132071263e-10 2.1978690299054202e-09</rotation_covariance>
        <location_covariance>1.8882753244521992e-08 -2.1711481264010435e-09 -8.6865375962666644e-09 -2.1711481264010435e-09 3.5464988110947588e-08 3.9558573666060458e-10 -8.6865375962666644e-09 3.9558573666060458e-10 1.7164992554400249e-08</location_covariance>
        <orientation>6</orientation>
      </camera>
      <camera id="2" sensor_id="0" component_id="0" label="IMG_2153">
        <transform>0.99961433397716881 0.0045455906488540958 0.027395636751764176 0.047239604967605965 0.00028285311721709363 -0.98812789776418197 0.15363325699291752 -0.15837578490077092 0.027768746847771912 -0.15356625692446463 -0.98774809614228731 0.70989608214398792 0 0 0 1</transform>
        <rotation_covariance>5.1751558198783132e-09 -6.3082041396554456e-11 -1.1233231984058234e-09 -6.308204139655443e-11 3.7231595933970879e-09 4.1106456883988396e-10 -1.1233231984058234e-09 4.1106456883988386e-10 4.3360161155353056e-09</rotation_covariance>
        <location_covariance>4.9749389719110537e-08 5.3986989961910269e-09 -2.1110315184807342e-08 5.3986989961910269e-09 4.3897179458598924e-08 -4.7207113993580693e-09 -2.1110315184807342e-08 -4.7207113993580693e-09 4.1332698775735696e-08</location_covariance>
        <orientation>6</orientation>
      </camera>
      <camera id="3" sensor_id="0" component_id="0" label="IMG_2154">
        <transform>0.99950025160610623 0.0031592418058790355 0.031452602921574327 0.0468139924347643 0.0039704346041156777 -0.99966021971862429 -0.025762002274034679 -0.15886420083238609 0.03136052755271633 0.025874008257804317 -0.99917318469236882 0.70843712727051467 0 0 0 1</transform>
        <rotation_covariance>7.6598054544774811e-09 -7.9872397561923292e-11 -9.662834254461088e-10 -7.9872397561923266e-11 3.5710990658322302e-09 -1.7874754887688485e-10 -9.662834254461088e-10 -1.7874754887688487e-10 6.263595927213717e-09</rotation_covariance>
        <location_covariance>4.8676100609405719e-08 4.2531939344866039e-09 -2.0882315608176207e-08 4.2531939344866039e-09 4.2693203207022137e-08 -4.3624213530514039e-09 -2.0882315608176207e-08 -4.3624213530514039e-09 5.5289246300674507e-08</location_covariance>
        <orientation>6</orientation>
      </camera>
      <camera id="4" sensor_id="0" component_id="0" label="IMG_2155">
        <transform>0.99887204988706557 0.04669220958295657 0.0086293405700283744 0.0025414198233981002 0.047474954323518684 -0.98540273203055417 -0.16348573154468285 -0.084324098452990229 0.000869865732220755 0.16371100534472799 -0.98650795742488895 0.15010012386431548 0 0 0 1</transform>
        <rotation_covariance>9.7926943745015759e-09 8.2140764363757761e-10 -1.4272853383162952e-09 8.2140764363757771e-10 4.5397497584364185e-09 -8.7180525340555836e-10 -1.427285338316295e-09 -8.7180525340555815e-10 7.693246340244981e-09</rotation_covariance>
        <location_covariance>6.0075636696891333e-08 9.2284076684331228e-09 -2.4140056088934904e-08 9.2284076684331228e-09 4.7125340606393073e-08 2.0288188865573535e-09 -2.4140056088934904e-08 2.0288188865573535e-09 5.5559295447515001e-08</location_covariance>
        <orientation>6</orientation>
      </camera>
      <camera id="5" sensor_id="0" component_id="0" label="IMG_2156">
        <transform>0.99999965807154578 0.00082428629486416707 -6.6399508637038249e-05 0.00032557084071901303 0.00082471339584636321 -0.99997713491161266 0.0067118925630124393 0.0036615600694658063 -6.0865469354112597e-05 -0.0067119450285894888 -0.99997747279092641 -0.00056979610838882777 0 0 0 1</transform>
        <rotation_covariance>6.8028029970331826e-09 2.7385693240267559e-10 -1.2365115974353385e-09 2.7385693240267559e-10 3.9080622811909999e-09 9.0513199589841283e-11 -1.2365115974353385e-09 9.0513199589841296e-11 6.1067246409410302e-09</rotation_covariance>
        <location_covariance>5.7869871596583155e-08 9.3675896025693369e-09 -1.7519322724907055e-08 9.3675896025693369e-09 4.0598759076730687e-08 3.8957768556339162e-09 -1.7519322724907055e-08 3.8957768556339162e-09 4.3292395551439034e-08</location_covariance>
        <orientation>6</orientation>
      </camera>
      <camera id="6" sensor_id="0" component_id="0" label="IMG_2157">
        <transform>0.99972137712187537 -0.017174336768541611 0.01619290838921536 0.0086516064878071341 -0.022707020444578171 -0.88709209061839644 0.46103363650043239 0.097389178233508567 0.0064466540212974035 -0.46127287468356915 -0.88723490448307207 0.051649825052694803 0 0 0 1</transform>
        <rotation_covariance>2.4429782569163082e-09 -6.5898076528518678e-11 -7.0554292880221874e-10 -6.5898076528518704e-11 3.6681221005429247e-09 8.0514880269676067e-10 -7.0554292880221885e-10 8.0514880269676088e-10 1.6996208202175561e-09</rotation_covariance>
        <location_covariance>4.1374595113796248e-08 3.8644509011278348e-09 -4.8158796826464369e-09 3.8644509011278348e-09 2.7751060015044186e-08 -1.187522914324063e-10 -4.8158796826464369e-09 -1.187522914324063e-10 1.991873849078037e-08</location_covariance>
        <orientation>6</orientation>
      </camera>
      <camera id="7" sensor_id="0" component_id="0" label="IMG_2158">
        <transform>0.99917917618553131 -0.030977710092818203 0.0261027844225038 0.012900339133445429 -0.039401924160211516 -0.89281592016534339 0.44869502011030138 0.75017877611613137 0.0094054372399871751 -0.44935522048454724 -0.89330365697986958 0.29310451997611409 0 0 0 1</transform>
        <rotation_covariance>1.3911635700388302e-08 -1.6476165592885078e-09 -2.3925260603328331e-09 -1.6476165592885078e-09 8.1478647058051894e-09 3.7748507828706127e-09 -2.3925260603328327e-09 3.7748507828706135e-09 4.9327810705466419e-09</rotation_covariance>
        <location_covariance>7.1412764203375056e-08 -3.5601862046530112e-09 -1.3403387332385597e-08 -3.5601862046530112e-09 1.4820335809562822e-07 1.082206315166127e-08 -1.3403387332385597e-08 1.082206315166127e-08 2.9436880136861793e-08</location_covariance>
        <orientation>6</orientation>
      </camera>
      <camera id="8" sensor_id="0" component_id="0" label="IMG_2159">
        <transform>0.99972564274369358 -0.0029615531965868479 0.023235069256889986 0.0094350376934311721 -0.0095636090809811062 -0.95713239382568638 0.28949286359227822 1.2702795274168324 0.021381688942991924 -0.28963565024384486 -0.95689812074523928 0.2629668497008964 0 0 0 1</transform>
        <rotation_covariance>1.3697111949890038e-08 -1.3491057128762677e-09 -2.5967064233027349e-09 -1.3491057128762677e-09 7.1896331805802492e-09 3.8970653840067758e-09 -2.5967064233027357e-09 3.897065384006775e-09 8.4864977183647932e-09</rotation_covariance>
        <location_covariance>7.7071709176967477e-08 -8.4077991099698545e-09 -1.8536384647403343e-08 -8.4077991099698545e-09 1.7968557708261039e-07 -2.3407714470959298e-09 -1.8536384647403343e-08 -2.3407714470959298e-09 5.5906873472464848e-08</location_covariance>
        <orientation>6</orientation>
      </camera>
      <camera id="9" sensor_id="0" component_id="0" label="IMG_2160">
        <transform>0.99835205143214067 0.010190883016925185 0.056474129515841111 0.0080451657535022137 0.017403682023216835 -0.9915256542523595 -0.12874000470508948 1.7681144261151582 0.054683573888978841 0.12951070559134104 -0.99006902985800027 0.15724696207967803 0 0 0 1</transform>
        <rotation_covariance>1.5064797434859179e-08 -4.0097365652081065e-10 -1.8513673323780424e-09 -4.009736565208108e-10 5.2610103078359778e-09 5.4997690321733517e-11 -1.851367332378042e-09 5.499769032173331e-11 1.7347109071601854e-08</rotation_covariance>
        <location_covariance>9.5473451330665667e-08 -1.3912757316112031e-08 -2.3745680206461753e-08 -1.3912757316112031e-08 2.6385299134984718e-07 -2.2568710275777899e-08 -2.3745680206461753e-08 -2.2568710275777899e-08 1.0756091844654861e-07</location_covariance>
        <orientation>6</orientation>
      </camera>
      <camera id="10" sensor_id="0" component_id="0" label="IMG_2161">
        <transform>0.9978216849617918 -0.005880740975151337 0.065706178595269837 -0.002518838646754258 0.0072150785836601807 -0.98031504108346712 -0.1973077871411863 2.1151991231808167 0.06557307115761718 0.19735206386329768 -0.97813717607902784 -0.17145674207126591 0 0 0 1</transform>
        <rotation_covariance>2.2509958830486126e-08 -1.3208022041622313e-09 -2.5722746230969867e-09 -1.3208022041622315e-09 7.6789586830699874e-09 3.8323343973431967e-10 -2.5722746230969871e-09 3.8323343973431884e-10 2.4275214590560363e-08</rotation_covariance>
        <location_covariance>1.5291126397273768e-07 -2.5845545691130223e-08 -3.0434105993252926e-08 -2.5845545691130223e-08 3.399140938377231e-07 -6.11241089508057e-08 -3.0434105993252926e-08 -6.11241089508057e-08 1.6852212102298725e-07</location_covariance>
        <orientation>6</orientation>
      </camera>
      <camera id="11" sensor_id="0" component_id="0" label="IMG_2162">
        <transform>0.99680863034409994 0.0022010935455058596 0.07979793016566035 -0.017263234166503473 -0.036956574628355617 -0.87332277943360626 0.48573813368326324 0.45533578788184037 0.070758505236179575 -0.48713702190406843 -0.87045433873763711 -0.2521635184194489 0 0 0 1</transform>
        <rotation_covariance>6.0565190386693211e-09 -1.1460093568554283e-09 -1.7429417785958486e-09 -1.1460093568554283e-09 6.5885294769763483e-09 2.0818478987767586e-09 -1.742941778595849e-09 2.0818478987767591e-09 3.4838820000874177e-09</rotation_covariance>
        <location_covariance>7.0903842602633641e-08 8.4481137837967575e-10 -1.0071130173090943e-08 8.4481137837967575e-10 6.1776467478543436e-08 2.0911185976878938e-09 -1.0071130173090943e-08 2.0911185976878938e-09 3.5039802960409159e-08</location_covariance>
        <orientation>6</orientation>
      </camera>
      <camera id="12" sensor_id="0" component_id="0" label="IMG_2163">
        <transform>0.99905184351069276 0.0086654861224009349 0.042665247311461006 -0.016976412487024282 0.01132184661467614 -0.99798587683080753 -0.062417989678279238 0.42305550820601989 0.042038432024986375 0.062841857042153865 -0.99713773935017325 -0.27155321079722189 0 0 0 1</transform>
        <rotation_covariance>7.7323685808199888e-09 2.5525847402801003e-10 -1.5236402085851719e-09 2.5525847402801008e-10 4.7482518660834167e-09 -9.4384067166696012e-11 -1.5236402085851719e-09 -9.4384067166696116e-11 8.4750775832021684e-09</rotation_covariance>
        <location_covariance>7.9918943937341014e-08 6.2666749963316597e-09 -1.8858207282626127e-08 6.2666749963316597e-09 6.2153581241667623e-08 4.2331321926608364e-09 -1.8858207282626127e-08 4.2331321926608364e-09 5.2556619239279707e-08</location_covariance>
        <orientation>6</orientation>
      </camera>
      <camera id="13" sensor_id="0" component_id="0" label="IMG_2164">
        <transform>0.99862477481175316 0.024273538609231697 0.046468854683131659 -0.024853208509100631 0.031972955261411154 -0.98442380769352722 -0.1728800074561212 -0.02517088239830895 0.041548637330575261 0.17412800512715623 -0.98384610004126638 -0.48037972394577122 0 0 0 1</transform>
        <rotation_covariance>1.0406042550466163e-08 2.1693683652849369e-10 -1.4099920426326814e-09 2.1693683652849361e-10 4.3542362036352707e-09 -4.8863475331344075e-10 -1.4099920426326814e-09 -4.8863475331344096e-10 8.0053599143017378e-09</rotation_covariance>
        <location_covariance>7.6770212388902849e-08 9.498551620078857e-09 -1.8111525695694151e-08 9.498551620078857e-09 6.2914756807210943e-08 1.2728237229139235e-08 -1.8111525695694151e-08 1.2728237229139235e-08 5.5657223572911177e-08</location_covariance>
        <orientation>6</orientation>
      </camera>
      <camera id="14" sensor_id="0" component_id="0" label="IMG_2165">
        <transform>0.99620132710505704 0.043088213105299714 0.075672463720404107 -0.012148427407687035 0.059868036580070692 -0.96994311878862571 -0.23585199704611759 -0.4277805464122616 0.063235544357354206 0.23948643428383759 -0.96883822887200444 -0.27932886792494571 0 0 0 1</transform>
        <rotation_covariance>1.5542770155798024e-08 8.4588258326685542e-10 -1.734953218359178e-09 8.4588258326685563e-10 6.0571938251454442e-09 -1.7034411071738672e-09 -1.7349532183591782e-09 -1.703441107173867e-09 8.8600133446227599e-09</rotation_covariance>
        <location_covariance>7.9984772286002598e-08 1.384015848488268e-08 -3.0947881789554528e-08 1.384015848488268e-08 8.3824826799540699e-08 1.1135531713854446e-08 -3.0947881789554528e-08 1.1135531713854446e-08 6.4527307777964737e-08</location_covariance>
        <orientation>6</orientation>
      </camera>
      <camera id="15" sensor_id="0" component_id="0" label="IMG_2166">
        <transform>0.99818419428927951 0.024094101115543082 0.055206780041011774 -0.052812160368648192 0.037452716737970508 -0.96606998732835736 -0.25555053040902309 -0.33321148833689473 0.047176352974853973 0.25715414419142008 -0.96521818147254679 -0.94589790406745489 0 0 0 1</transform>
        <rotation_covariance>1.6624591989735133e-08 7.0037768492058946e-10 -1.3904289043439729e-09 7.0037768492058936e-10 6.1706595324463052e-09 -1.0144507259275743e-09 -1.3904289043439731e-09 -1.0144507259275745e-09 9.3033425797048001e-09</rotation_covariance>
        <location_covariance>1.1323395792446875e-07 2.1346782815726116e-08 -1.6576460685085264e-08 2.1346782815726116e-08 1.1850017485643576e-07 1.9344575877655556e-08 -1.6576460685085264e-08 1.9344575877655556e-08 6.8827232798440261e-08</location_covariance>
        <orientation>6</orientation>
      </camera>
      <camera id="16" sensor_id="0" component_id="0" label="IMG_2167">
        <transform>0.99821565630982567 0.010286735395563887 0.058819100408336641 -0.047570439508946863 0.0036045932601138906 -0.99363375291750267 0.11260094125054282 -0.29562284886632678 0.059602939569902723 -0.11218800353861691 -0.99189784829721539 -0.94248122711429827 0 0 0 1</transform>
        <rotation_covariance>9.8213668256513541e-09 1.8354288664335698e-10 -1.4546235927006353e-09 1.8354288664335698e-10 5.9478722282732148e-09 7.6429942115423411e-10 -1.4546235927006353e-09 7.6429942115423442e-10 4.6031305402348841e-09</rotation_covariance>
        <location_covariance>1.1419568162980404e-07 2.0813344563542928e-08 -1.6744356056492603e-08 2.0813344563542928e-08 9.7099964993274474e-08 9.9447096877493451e-09 -1.6744356056492603e-08 9.9447096877493451e-09 5.7109110855046574e-08</location_covariance>
        <orientation>6</orientation>
      </camera>
      <camera id="17" sensor_id="0" component_id="0" label="IMG_2168">
        <transform>0.99784566472993896 0.013564498700036075 0.064187489082245794 -0.065581292482514084 0.021895297324770562 -0.99115062954136945 -0.13092373930959583 0.25460271226599762 0.061843555320878853 0.13204708983829927 -0.98931235751430346 -1.2062545994004987 0 0 0 1</transform>
        <rotation_covariance>9.8000305928581655e-09 3.5453123344332579e-10 -1.457691654152454e-09 3.5453123344332584e-10 7.685594502468105e-09 7.1631995345593738e-10 -1.457691654152454e-09 7.1631995345593749e-10 9.0311590950675561e-09</rotation_covariance>
        <location_covariance>1.546547103797013e-07 1.0467909349354248e-08 -1.5590122008561874e-08 1.0467909349354248e-08 1.1079424866835964e-07 2.1338206620924022e-08 -1.5590122008561874e-08 2.1338206620924022e-08 6.9810318760213662e-08</location_covariance>
        <orientation>6</orientation>
      </camera>
      <camera id="18" sensor_id="0" component_id="0" label="IMG_2169">
        <transform>0.99768934058819214 0.018620323658322804 0.065339599199546669 -0.057996620436927125 0.0038869357398960444 -0.97577893237661995 0.21872440846987823 0.22836379865390441 0.067829723626534236 -0.21796504003349601 -0.97359661560419564 -1.2196906410641384 0 0 0 1</transform>
        <rotation_covariance>6.5505118626349118e-09 -8.332532157880698e-10 -1.8498989753539581e-09 -8.332532157880698e-10 7.375124733692494e-09 1.6557241796883363e-09 -1.8498989753539579e-09 1.6557241796883363e-09 4.418331659522864e-09</rotation_covariance>
        <location_covariance>1.3880354958090288e-07 5.4908090882303694e-09 -7.4892625474712165e-09 5.4908090882303694e-09 1.0418291738625555e-07 9.9274972925796637e-09 -7.4892625474712165e-09 9.9274972925796637e-09 5.816228821429657e-08</location_covariance>
        <orientation>6</orientation>
      </camera>
      <camera id="19" sensor_id="0" component_id="0" label="IMG_2170">
        <transform>0.99666829652210409 0.00091592254075657797 0.081556531275098612 -0.08260361890081673 -0.040687545502391877 -0.86104673204323501 0.50689550094536839 0.21150526882675863 0.070688261746329528 -0.50852501051921162 -0.85814071301140205 -1.4987396334952505 0 0 0 1</transform>
        <rotation_covariance>7.9392449637889919e-09 -2.4587147431280998e-09 -1.9147732844263991e-09 -2.4587147431280998e-09 1.1779550135419042e-08 9.106008879296035e-10 -1.9147732844263995e-09 9.1060088792960185e-10 3.4998969621571108e-09</rotation_covariance>
        <location_covariance>1.6998835192623281e-07 1.3990297638376038e-09 -7.8185544158116044e-09 1.3990297638376038e-09 1.2711066560249928e-07 6.7457683154035053e-09 -7.8185544158116044e-09 6.7457683154035053e-09 6.8560300532877747e-08</location_covariance>
        <orientation>6</orientation>
      </camera>
      <camera id="20" sensor_id="0" component_id="0" label="IMG_2171">
        <transform>0.99409859833365721 -0.014916630580195472 0.10744985306267954 -0.0697814039898038 -0.088219286874044692 -0.68757991920548522 0.72072963871955065 0.22077362226466626 0.063129503518501162 -0.72595547304053898 -0.6848381684368906 -1.4737612466832064 0 0 0 1</transform>
        <rotation_covariance>1.4470278955077878e-08 -5.1533920298281452e-09 -2.1471902023634465e-09 -5.1533920298281452e-09 1.809982353104412e-08 -1.1402998051281974e-09 -2.1471902023634456e-09 -1.1402998051281949e-09 5.3998101431026631e-09</rotation_covariance>
        <location_covariance>1.8075582513003238e-07 -2.771226108789429e-09 -1.6576422028246747e-08 -2.771226108789429e-09 1.5221820510887068e-07 5.2306189771243557e-09 -1.6576422028246747e-08 5.2306189771243557e-09 7.6879015378658586e-08</location_covariance>
        <orientation>6</orientation>
      </camera>
      <camera id="21" sensor_id="0" component_id="0" label="IMG_2172">
        <transform>0.99733099778129852 -0.010424010192271502 0.072264935314925685 -0.098987526067872894 -0.051625325953914891 -0.80057688568369989 0.59700207355514201 0.47999155003205496 0.051630481159011324 -0.59913937453692589 -0.7989782871234925 -1.8729437144965235 0 0 0 1</transform>
        <rotation_covariance>1.3462803315976345e-08 -3.8434882111531527e-09 -2.7550371401374887e-09 -3.8434882111531527e-09 1.4940327693423283e-08 8.1348619655034239e-10 -2.7550371401374879e-09 8.1348619655034405e-10 4.5122738683603389e-09</rotation_covariance>
        <location_covariance>2.3090447779962316e-07 -6.7685895370652229e-09 -4.9631939154782153e-09 -6.7685895370652229e-09 1.706871741613981e-07 8.4358285284863865e-09 -4.9631939154782153e-09 8.4358285284863865e-09 8.3728022641581196e-08</location_covariance>
        <orientation>6</orientation>
      </camera>
      <camera id="22" sensor_id="0" component_id="0" label="IMG_2173">
        <transform>0.99711086454660225 0.0054536996181589982 0.075763981967695321 -0.095114362549577766 -0.0098818825880765595 -0.97962965139891056 0.20056942562754748 0.46037303759126902 0.075314488643566033 -0.2007386441633093 -0.97674547582255755 -1.8814896640761385 0 0 0 1</transform>
        <rotation_covariance>1.0372746874701189e-08 3.1767122039052753e-10 -1.8200405970947165e-09 3.1767122039052759e-10 1.092547490546811e-08 3.1090695042929674e-09 -1.8200405970947163e-09 3.1090695042929679e-09 5.7252746230696469e-09</rotation_covariance>
        <location_covariance>2.1784017420823246e-07 1.8827500946712007e-08 -2.3804085372634671e-09 1.8827500946712007e-08 1.6143749989260438e-07 1.9269321528522491e-08 -2.3804085372634671e-09 1.9269321528522491e-08 8.4834944392011256e-08</location_covariance>
        <orientation>6</orientation>
      </camera>
      <camera id="23" sensor_id="0" component_id="0" label="IMG_2174">
        <transform>0.99542163102829484 0.030612437688205707 0.090546425328419652 -0.087830563703870684 0.057728541903635237 -0.94757440783696911 -0.31427719780807939 0.45452750221388727 0.076178684227607818 0.3180654339459168 -0.94500327396160189 -1.9104901996190498 0 0 0 1</transform>
        <rotation_covariance>1.598985468164933e-08 2.9562510758991163e-09 -7.5958623576994399e-10 2.9562510758991163e-09 1.3425589352604599e-08 6.5750334949714293e-10 -7.5958623576994441e-10 6.5750334949714335e-10 1.547056170849684e-08</rotation_covariance>
        <location_covariance>2.4532493610549651e-07 2.1246747163945454e-08 8.3644842935308985e-09 2.1246747163945454e-08 1.8078753106602141e-07 5.406993418051931e-08 8.3644842935308985e-09 5.406993418051931e-08 9.6423742520390938e-08</location_covariance>
        <orientation>6</orientation>
      </camera>
      <camera id="24" sensor_id="0" component_id="0" label="IMG_2175">
        <transform>0.99617378415192159 0.035931714701118167 0.079666201409872656 -0.081315513695850133 0.078706258189351896 -0.76509282402079637 -0.63909177396811701 0.45116418278239917 0.037988375725635133 0.64291669951131403 -0.76499346454672879 -1.9148116935727522 0 0 0 1</transform>
        <rotation_covariance>2.4455285941964123e-08 2.7428063691336856e-09 1.6978385560812519e-09 2.7428063691336856e-09 1.9097450735522456e-08 -2.2248840708439955e-09 1.6978385560812519e-09 -2.2248840708439989e-09 2.3191658571984518e-08</rotation_covariance>
        <location_covariance>2.5322403378337075e-07 8.4094304351870003e-09 -3.3510700449470271e-09 8.4094304351870003e-09 2.0122165778126968e-07 7.3204395490870524e-08 -3.3510700449470271e-09 7.3204395490870524e-08 1.1404620476768084e-07</location_covariance>
        <orientation>6</orientation>
      </camera>
      <camera id="25" sensor_id="0" component_id="0" label="IMG_2176">
        <transform>0.99207174952452482 0.065545149877129422 0.10722628932744778 -0.087345659273126111 0.12423809348522821 -0.38295767913050338 -0.91537331844561332 0.3929696597799498 -0.018935150448427782 0.92143759925594704 -0.38806469918678804 -1.8944841381728663 0 0 0 1</transform>
        <rotation_covariance>8.9253229790095004e-08 2.439045565387444e-08 6.6344450370391134e-09 2.4390455653874444e-08 5.563090820162773e-08 -1.1873294676496278e-08 6.6344450370391126e-09 -1.1873294676496278e-08 3.4150343777806352e-08</rotation_covariance>
        <location_covariance>3.3111895136796988e-07 2.3453867736505861e-08 -6.0183760922483976e-08 2.3453867736505861e-08 2.9630650174160053e-07 4.4007262528134356e-08 -6.0183760922483976e-08 4.4007262528134356e-08 1.9689245927861011e-07</location_covariance>
        <orientation>6</orientation>
      </camera>
      <camera id="26" sensor_id="0" component_id="0" label="IMG_2177">
        <transform>0.99680925313970004 0.049357141235784767 0.062731056615565731 -0.14153045717095594 0.074942206281605916 -0.30817469549817705 -0.94837335621170415 0.7850567864685194 -0.027476873416015422 0.9500485406881255 -0.31089032111605464 -2.1844449664580332 0 0 0 1</transform>
        <rotation_covariance>3.9472649409861716e-08 6.1312840205214709e-09 4.5059654217905509e-09 6.1312840205214709e-09 3.6528173720843064e-08 -1.2639027937959474e-08 4.5059654217905509e-09 -1.2639027937959474e-08 3.8259736438536719e-08</rotation_covariance>
        <location_covariance>3.2459978292044406e-07 5.7185535852884681e-10 -2.9684043711697487e-08 5.7185535852884681e-10 3.2119569311589945e-07 1.2499014084872319e-07 -2.9684043711697487e-08 1.2499014084872319e-07 8.703090059333868e-08</location_covariance>
        <orientation>6</orientation>
      </camera>
      <camera id="27" sensor_id="0" component_id="0" label="IMG_2178">
        <transform>0.99537517900846506 0.041456607273945519 0.086657964014856731 -0.12927653808537598 0.083057985311354679 0.08184335967564263 -0.99317824963750723 0.78394151394083833 -0.04826617956587357 0.99578261392250556 0.078021546509778689 -2.1549249544264999 0 0 0 1</transform>
        <rotation_covariance>6.5450784249033158e-08 6.1440576121642886e-09 4.9776012543662657e-09 6.1440576121642902e-09 6.1231733667503546e-08 -1.5895295561919674e-08 4.9776012543662665e-09 -1.5895295561919681e-08 4.0737523575951303e-08</rotation_covariance>
        <location_covariance>3.664713679523776e-07 -1.2552701802946524e-08 -3.9124746341339832e-08 -1.2552701802946524e-08 3.6343692334841285e-07 1.2264045181089602e-07 -3.9124746341339832e-08 1.2264045181089602e-07 1.3980845812200419e-07</location_covariance>
        <orientation>6</orientation>
      </camera>
      <camera id="28" sensor_id="0" component_id="0" label="IMG_2179">
        <transform>0.99840894312843087 0.02909722078766027 0.048300455728724656 -0.1450310183360535 0.034351136971314832 -0.9931394034609905 -0.11177712056555311 0.76125913438936144 0.044716682233214747 0.11325845238030724 -0.9925587848054499 -2.2168843720454894 0 0 0 1</transform>
        <rotation_covariance>4.0082083228636398e-08 -7.5629862822365348e-12 1.0657655056096001e-09 -7.5629862822364831e-12 1.9108046785487116e-08 6.6206091979872674e-09 1.0657655056096005e-09 6.6206091979872691e-09 1.6059154316106487e-08</rotation_covariance>
        <location_covariance>3.0042667930591026e-07 1.9945721217892131e-08 -2.6714844978600579e-09 1.9945721217892131e-08 3.0294574962628656e-07 6.0487985750238609e-09 -2.6714844978600579e-09 6.0487985750238609e-09 1.2693338465226514e-07</location_covariance>
        <orientation>6</orientation>
      </camera>
      <camera id="29" sensor_id="0" component_id="0" label="IMG_2180">
        <transform>0.99618888200785438 -0.02070746752499172 0.084728461290415683 -0.14779984890496203 -0.063275190470699696 -0.84017113140809863 0.5386174154437755 0.93033140331521946 0.060033004546138878 -0.5419258904473353 -0.83827940904451759 -2.120343598176476 0 0 0 1</transform>
        <rotation_covariance>4.0138545124013733e-08 -2.2423832517638817e-08 -7.5421591487688369e-09 -2.2423832517638817e-08 4.5066626291825663e-08 1.1888350928307373e-08 -7.5421591487688336e-09 1.1888350928307374e-08 9.9398891999811e-09</rotation_covariance>
        <location_covariance>3.4907453598884974e-07 -3.5121112841986937e-08 -1.5755529532716098e-08 -3.5121112841986937e-08 2.4705580247060103e-07 1.8146220150899836e-08 -1.5755529532716098e-08 1.8146220150899836e-08 1.0974529484880635e-07</location_covariance>
        <orientation>6</orientation>
      </camera>
      <camera id="30" sensor_id="0" label="IMG_2181" enabled="false">
        <orientation>6</orientation>
      </camera>
      <camera id="31" sensor_id="0" component_id="0" label="IMG_2182">
        <transform>0.99641713302175505 0.063710353702579561 0.055622727834929456 -0.1731734029023615 0.068019509233443173 -0.21282634093291164 -0.9747195981248914 1.1373620601812588 -0.050261748719557763 0.97501073811327854 -0.216397359455821 -2.327200954419923 0 0 0 1</transform>
        <rotation_covariance>3.9220139105807985e-08 7.4370054093496811e-09 5.2619401718469345e-09 7.4370054093496819e-09 4.3312217407040178e-08 -1.6310627837864332e-08 5.2619401718469345e-09 -1.6310627837864332e-08 4.0999820366391717e-08</rotation_covariance>
        <location_covariance>3.8181400760377391e-07 -1.614755707963087e-09 -3.3175239622377864e-08 -1.614755707963087e-09 3.7645051454995538e-07 1.5217218416323746e-07 -3.3175239622377864e-08 1.5217218416323746e-07 7.6696104107632444e-08</location_covariance>
        <orientation>6</orientation>
      </camera>
      <camera id="32" sensor_id="0" component_id="0" label="IMG_2183">
        <transform>0.99501785023301759 0.072116139258702028 0.068838507944921329 -0.16389901364635184 0.086222633442736285 -0.27582994962344659 -0.95733144541111093 1.1318836855642502 -0.050051325655401289 0.95849731421071105 -0.28067376694481166 -2.3318509128319942 0 0 0 1</transform>
        <rotation_covariance>3.7695440028037336e-08 8.5859383602807674e-09 4.3887542984953658e-09 8.5859383602807674e-09 4.1445148281061823e-08 -1.5469980401114271e-08 4.3887542984953666e-09 -1.5469980401114271e-08 4.087355503779373e-08</rotation_covariance>
        <location_covariance>3.8321370598833498e-07 -2.5352787406189922e-09 -2.603980838369838e-08 -2.5352787406189922e-09 3.6698197854516184e-07 1.528904191784349e-07 -2.6039808383698383e-08 1.5289041917843493e-07 6.5325409967138976e-08</location_covariance>
        <orientation>6</orientation>
      </camera>
    </cameras>
    <reference>LOCAL_CS["Local Coordinates (m)",LOCAL_DATUM["Local Datum",0],UNIT["metre",1,AUTHORITY["EPSG","9001"]]]</reference>
    <region>
      <center>0.143150693336771 0.57132216275491166 -2.0827654009914074</center>
      <size>6.6544547843436401 5.4925340073804065 4.203554000953833</size>
      <R>-0.24401995144106262 -0.73625768713856299 -0.63117262411172059 0.40899536571835299 -0.66826631993114061 0.62140398813219833 -0.87930486983731193 -0.10651170722068401 0.4641962969534798</R>
    </region>
    <settings>
      <property name="accuracy_tiepoints" value="1"/>
      <property name="accuracy_cameras" value="10"/>
      <property name="accuracy_cameras_ypr" value="10"/>
      <property name="accuracy_markers" value="0.0050000000000000001"/>
      <property name="accuracy_scalebars" value="0.001"/>
      <property name="accuracy_projections" value="0.5"/>
    </settings>
    <meta>
      <property name="AlignCameras/adaptive_fitting" value="false"/>
      <property name="AlignCameras/align_laser_scans" value="false"/>
      <property name="AlignCameras/cameras" value=""/>
      <property name="AlignCameras/duration" value="17.045"/>
      <property name="AlignCameras/min_image" value="2"/>
      <property name="AlignCameras/point_clouds" value=""/>
      <property name="AlignCameras/ram_used" value="106500096"/>
      <property name="AlignCameras/reset_alignment" value="false"/>
      <property name="AlignCameras/subdivide_task" value="true"/>
      <property name="Info/LastSavedDateTime" value="2025:12:09 07:07:23"/>
      <property name="Info/LastSavedSoftwareVersion" value="2.2.3.21752"/>
      <property name="OptimizeCameras/sigma0" value="0.467616465233821"/>
    </meta>
  </chunk>
</document>
