<?xml version="1.0" encoding="UTF-8"?>
<document version="2.0.0">
  <chunk label="Chunk 4" enabled="true">
    <sensors next_id="1">
      <sensor id="0" label="iPhone 16 Pro Max, iPhone 16 Pro Max back triple camera 6.765mm f/1.78 (6.765mm)" type="frame">
        <resolution width="5712" height="4284"/>
        <property name="pixel_width" value="0.0017080920433132976"/>
        <property name="pixel_height" value="0.0017080920433132976"/>
        <property name="focal_length" value="6.7649999999999997"/>
        <property name="layer_index" value="0"/>
        <bands>
          <band label="Red"/>
          <band label="Green"/>
          <band label="Blue"/>
        </bands>
        <data_type>uint8</data_type>
        <calibration type="frame" class="adjusted">
          <resolution width="5712" height="4284"/>
          <f>3954.8751397581423</f>
          <cx>20.503609255735679</cx>
          <cy>-2.8716457971082252</cy>
          <k1>0.20299043954919863</k1>
          <k2>-0.58753091748073494</k2>
          <k3>0.51525972092822392</k3>
          <p1>0.0015072488860018982</p1>
          <p2>-0.00045229853240692726</p2>
        </calibration>
        <covariance>
          <params>f cx cy k1 k2 k3 p1 p2</params>
          <coeffs>0.16726989975520423 -0.070535892962477878 0.0055479956660583552 1.7090028595700339e-05 -1.4562932194881441e-05 5.0184177674373192e-05 -3.3741163533507059e-06 5.1233713850416924e-07 -0.070535892962477878 0.32025818646883247 0.023884116800534837 -1.1405822327278938e-05 7.6049389396278366e-06 -8.34669956282671e-06 2.0271033516574793e-05 1.4509396245908873e-06 0.0055479956660583552 0.023884116800534837 0.21601447119946754 -4.3206740896451142e-06 2.0635716173971369e-05 -1.57964745438915e-05 1.7500754420866223e-06 1.6712955649194268e-05 1.7090028595700339e-05 -1.1405822327278938e-05 -4.3206740896451142e-06 1.154627657186776e-07 -4.1684938543390583e-07 4.4661847359841314e-07 3.4823887278398741e-11 -7.7769359769962169e-11 -1.4562932194881441e-05 7.6049389396278366e-06 2.0635716173971369e-05 -4.1684938543390583e-07 1.6345410237715541e-06 -1.8122149881806013e-06 -1.4200184413864127e-09 5.2318558252546667e-10 5.0184177674373192e-05 -8.34669956282671e-06 -1.57964745438915e-05 4.4661847359841314e-07 -1.8122149881806013e-06 2.0906325404089774e-06 1.4101504516250127e-09 -5.5093286739832838e-11 -3.3741163533507059e-06 2.0271033516574793e-05 1.7500754420866223e-06 3.4823887278398741e-11 -1.4200184413864127e-09 1.4101504516250127e-09 1.5433152882550889e-09 1.1774928795926638e-10 5.1233713850416924e-07 1.4509396245908873e-06 1.6712955649194268e-05 -7.7769359769962169e-11 5.2318558252546667e-10 -5.5093286739832838e-11 1.1774928795926638e-10 1.5363422962227676e-09</coeffs>
        </covariance>
        <meta>
          <property name="Exif/LensModel" value="iPhone 16 Pro Max back triple camera 6.765mm f/1.78"/>
          <property name="Exif/Make" value="Apple"/>
          <property name="Exif/Model" value="iPhone 16 Pro Max"/>
          <property name="Exif/Software" value="26.0"/>
        </meta>
      </sensor>
    </sensors>
    <components next_id="2" active_id="1">
      <component id="1" label="Component 1">
        <region>
          <center>0.24359936703191631 1.7826175651669827 -3.7918241408350841</center>
          <size>11.415866819520792 9.6220466916759815 7.792980571587881</size>
          <R>-0.28578295977887797 -0.59032519238983272 -0.75488029986874838 0.3804806317632391 -0.79288038008154871 0.47599915098116002 -0.87952406945635708 -0.15118488718005582 0.45119900391654599</R>
        </region>
        <partition>
          <camera_ids>0 1 2 3 4 5 6 7 8 9 10 11 12 13 14 15 16 17 18 19 20 21 22 23 24 25 26 27 28 29 30 31 32</camera_ids>
        </partition>
      </component>
    </components>
    <cameras next_id="33" next_group_id="0">
      <camera id="0" sensor_id="0" component_id="1" label="IMG_2151">
        <transform>0.99603783463645912 -0.071073673688796024 0.053452454397263004 0.058536222263639269 -0.088676470945097105 -0.74836723420487539 0.65733018055560755 -0.25456570697382591 -0.0067168052998646871 -0.65946570470110377 -0.75170464203012588 0.96982476960692321 0 0 0 1</transform>
        <orientation>6</orientation>
      </camera>
      <camera id="1" sensor_id="0" component_id="1" label="IMG_2152">
        <transform>0.99672124697210673 -0.068977445407094662 0.042295009864999226 0.06873487832718049 -0.080911985170937575 -0.85022421055636921 0.52016539911791204 -0.26668121135163425 8.056095262744103e-05 -0.52188207845155021 -0.85301763739152714 0.94943042924302401 0 0 0 1</transform>
        <rotation_covariance>1.8302620703234086e-09 -5.1196196756822739e-11 -4.1198599977005021e-10 -5.1196196756822726e-11 2.357030014925001e-09 6.7992073349213932e-10 -4.1198599977005026e-10 6.7992073349213932e-10 1.2867851105995552e-09</rotation_covariance>
        <location_covariance>8.2636790518698062e-08 9.3789953318378519e-09 -1.7892712128537386e-08 9.3789953318378519e-09 6.0584320726628039e-08 5.2537290505432905e-09 -1.7892712128537386e-08 5.2537290505432905e-09 3.1586804411677005e-08</location_covariance>
        <orientation>6</orientation>
      </camera>
      <camera id="2" sensor_id="0" component_id="1" label="IMG_2153">
        <transform>0.99854444550255916 -0.042250393810662618 0.033524536966692733 0.075929071040364907 -0.050755770541799791 -0.94635936722006064 0.31910468475337944 -0.28458289406080922 0.018243960992487252 -0.32034177420013371 -0.94712634088046266 0.93826026203503732 0 0 0 1</transform>
        <rotation_covariance>3.2911929124693873e-09 -4.5280700275996787e-11 -7.0630298926245641e-10 -4.5280700275996787e-11 2.5001040032189768e-09 4.6316313111900835e-10 -7.0630298926245652e-10 4.6316313111900829e-10 2.6604280458639769e-09</rotation_covariance>
        <location_covariance>1.0344742736714007e-07 1.7821136660460363e-08 -3.7987778347891054e-08 1.7821136660460363e-08 8.6749752930133185e-08 -7.8751918282122729e-09 -3.7987778347891054e-08 -7.8751918282122729e-09 7.0734251978146012e-08</location_covariance>
        <orientation>6</orientation>
      </camera>
      <camera id="3" sensor_id="0" component_id="1" label="IMG_2154">
        <transform>0.998633068044396 -0.044686791021466776 0.0271124716032911 0.087978791906009407 -0.048124652428741498 -0.98850588328571354 0.14331830496536754 -0.27595197508543379 0.020396402546731852 -0.14442717686687961 -0.98930519929161143 0.92949539304595941 0 0 0 1</transform>
        <rotation_covariance>5.1485779547156208e-09 6.808522526396486e-11 -8.4942230683251864e-10 6.8085225263964808e-11 2.7609003881872686e-09 7.1579482223899359e-11 -8.4942230683251874e-10 7.1579482223899514e-11 4.0736566941457173e-09</rotation_covariance>
        <location_covariance>1.2255647805691827e-07 2.6617989274545332e-08 -5.2955018887605229e-08 2.6617989274545332e-08 1.0992096059833674e-07 -1.905508588230802e-08 -5.2955018887605229e-08 -1.905508588230802e-08 1.0759246200501556e-07</location_covariance>
        <orientation>6</orientation>
      </camera>
      <camera id="4" sensor_id="0" component_id="1" label="IMG_2155">
        <transform>0.99999910999836339 0.00017140968967641388 -0.0013231104260050183 0.010389639425318674 0.00018115722530210522 -0.99997282082041372 0.0073705361083488685 0.017873020290569377 -0.0013218110836420568 -0.0073707692395731939 -0.99997196189507032 -0.010711566564435801 0 0 0 1</transform>
        <rotation_covariance>6.0857283013628902e-09 5.191525427864142e-10 -8.4391432240456477e-10 5.191525427864143e-10 2.7806552036463345e-09 -3.0731476205318915e-10 -8.4391432240456477e-10 -3.0731476205318921e-10 4.7944795650885135e-09</rotation_covariance>
        <location_covariance>1.1696975120038416e-07 2.7382817377393504e-08 -4.2651894242775944e-08 2.7382817377393504e-08 8.735185096186601e-08 -4.3101941650674485e-10 -4.2651894242775944e-08 -4.3101941650674485e-10 1.0468399984654677e-07</location_covariance>
        <orientation>6</orientation>
      </camera>
      <camera id="5" sensor_id="0" component_id="1" label="IMG_2156">
        <transform>0.9989085998658318 -0.046672545908347178 -0.0018117871058241164 0.012891162238909923 -0.045610483899653477 -0.98306735114315169 0.17747751089877598 0.2153495372674219 -0.010064436026080146 -0.1772011754329493 -0.98412318870792703 -0.24373680410140972 0 0 0 1</transform>
        <rotation_covariance>4.1339842936453892e-09 2.0775622867860319e-10 -6.523895880704366e-10 2.0775622867860311e-10 2.3355145554685069e-09 2.9839601517024484e-10 -6.5238958807043681e-10 2.9839601517024479e-10 3.6468933918669553e-09</rotation_covariance>
        <location_covariance>1.0593166705154487e-07 2.3513841032704333e-08 -2.7095241441359841e-08 2.3513841032704333e-08 6.8901947454339047e-08 4.9042570414011453e-09 -2.7095241441359841e-08 4.9042570414011453e-09 7.9885695068820802e-08</location_covariance>
        <orientation>6</orientation>
      </camera>
      <camera id="6" sensor_id="0" component_id="1" label="IMG_2157">
        <transform>0.9975394412088987 -0.059739863423514325 0.036690761109273329 0.031656323580412024 -0.06975754545118043 -0.79355095066067449 0.6044921617011807 0.35861261654803617 -0.0069962908218859209 -0.60556423063427356 -0.79576567813085275 -0.12143467513444858 0 0 0 1</transform>
        <rotation_covariance>1.407782972217649e-09 1.1097973424138958e-11 -3.8854282453378219e-10 1.1097973424138934e-11 2.3810765335071675e-09 5.2136007268778883e-10 -3.8854282453378219e-10 5.2136007268778883e-10 9.4859442725114401e-10</rotation_covariance>
        <location_covariance>7.9839149771914706e-08 7.8807017517488679e-09 -7.9126812444178837e-09 7.8807017517488679e-09 4.9402606939877502e-08 1.664908472641764e-09 -7.9126812444178837e-09 1.664908472641764e-09 3.643617369835094e-08</location_covariance>
        <orientation>6</orientation>
      </camera>
      <camera id="7" sensor_id="0" component_id="1" label="IMG_2158">
        <transform>0.99620438400297084 -0.073904143272568931 0.045989160683896323 0.094243701866430177 -0.086762100540737006 -0.80050428701312581 0.59301367976073383 1.4122926693323399 -0.0070116476680360728 -0.59475294373441712 -0.80387795884463986 0.49070638326112354 0 0 0 1</transform>
        <rotation_covariance>7.7276125857764808e-09 -1.263188872697772e-09 -1.6383504759988586e-09 -1.2631888726977718e-09 5.2890193590190188e-09 2.3912723457037824e-09 -1.6383504759988584e-09 2.3912723457037824e-09 3.0683676880308478e-09</rotation_covariance>
        <location_covariance>1.3312161434165081e-07 -2.7945767358690923e-09 -2.8024424118144552e-08 -2.7945767358690923e-09 2.3869387896063342e-07 5.3038322024080166e-08 -2.8024424118144552e-08 5.3038322024080166e-08 6.8590109834666365e-08</location_covariance>
        <orientation>6</orientation>
      </camera>
      <camera id="8" sensor_id="0" component_id="1" label="IMG_2159">
        <transform>0.99818426312358666 -0.048848471533627633 0.035242072601518411 0.13270350033696632 -0.05946493207838259 -0.89237880182613827 0.44735220565485051 2.3195399973685134 0.0095968070385762713 -0.44863559921184876 -0.89366324776981287 0.59363047056350726 0 0 0 1</transform>
        <rotation_covariance>8.2292754666540406e-09 -1.1084923432268686e-09 -2.0076022337044678e-09 -1.1084923432268684e-09 4.8634938283532083e-09 2.6494468222824296e-09 -2.0076022337044669e-09 2.6494468222824305e-09 5.3735009045360273e-09</rotation_covariance>
        <location_covariance>1.4438478747623128e-07 -4.1624002656156344e-09 -3.8588734154294718e-08 -4.1624002656156344e-09 3.1983415309083672e-07 3.8929734991178916e-08 -3.8588734154294718e-08 3.8929734991178916e-08 1.0934602671838457e-07</location_covariance>
        <orientation>6</orientation>
      </camera>
      <camera id="9" sensor_id="0" component_id="1" label="IMG_2160">
        <transform>0.99815004959512521 -0.036864354505920599 0.048347676884316966 0.1724244720340242 -0.038818097853707816 -0.99844080231533505 0.040113832413893519 3.210424385275882 0.046793522759763166 -0.041916388665673682 -0.99802474046937295 0.55893554274332069 0 0 0 1</transform>
        <rotation_covariance>8.6958294659646205e-09 -3.0439025458921313e-10 -1.3393013690087244e-09 -3.0439025458921308e-10 3.3761774805300029e-09 3.1678065647209217e-10 -1.3393013690087244e-09 3.1678065647209222e-10 1.0328328001246011e-08</rotation_covariance>
        <location_covariance>1.7386131760847801e-07 -3.9750669051949216e-09 -5.0710387261037829e-08 -3.9750669051949216e-09 4.8366311377015258e-07 1.7927819852110412e-08 -5.0710387261037829e-08 1.7927819852110412e-08 1.9227913071409864e-07</location_covariance>
        <orientation>6</orientation>
      </camera>
      <camera id="10" sensor_id="0" component_id="1" label="IMG_2161">
        <transform>0.99714664769550176 -0.05241081912125907 0.054329264937618853 0.18254128395552596 -0.050844592320594378 -0.99826124414450013 -0.029821399545081007 3.9087275365160483 0.0557977635875836 0.026973959259134983 -0.99807765985443764 0.09502884991337307 0 0 0 1</transform>
        <rotation_covariance>1.3083727386614026e-08 -7.86379835296521e-10 -1.7603672400415006e-09 -7.8637983529652121e-10 4.7173019383543231e-09 5.114653453233375e-10 -1.7603672400415002e-09 5.114653453233375e-10 1.4436689158882532e-08</rotation_covariance>
        <location_covariance>2.7050963380033835e-07 -1.9129766987997439e-08 -6.8731321549389945e-08 -1.9129766987997439e-08 6.5251168623458475e-07 -4.1037472953797219e-08 -6.8731321549389945e-08 -4.1037472953797219e-08 2.7881748642299242e-07</location_covariance>
        <orientation>6</orientation>
      </camera>
      <camera id="11" sensor_id="0" component_id="1" label="IMG_2162">
        <transform>0.99406468672620885 -0.039758640209070155 0.10126524148319833 0.016582210194240134 -0.094522883503968244 -0.77647319736537479 0.62302070452536995 1.0687559297090132 0.053859289802410157 -0.62889476409167133 -0.77562268700706605 -0.53914032649677557 0 0 0 1</transform>
        <rotation_covariance>3.7304832399641174e-09 -8.6011495019209074e-10 -1.1729244977849397e-09 -8.6011495019209085e-10 4.1367267936480063e-09 1.211783056515247e-09 -1.1729244977849397e-09 1.2117830565152472e-09 2.1411835076523485e-09</rotation_covariance>
        <location_covariance>1.3122895605104238e-07 -1.9583168714352694e-09 -2.0235179618835376e-08 -1.9583168714352694e-09 1.1254981239510478e-07 1.28081155833952e-08 -2.0235179618835376e-08 1.28081155833952e-08 6.8435231487856482e-08</location_covariance>
        <orientation>6</orientation>
      </camera>
      <camera id="12" sensor_id="0" component_id="1" label="IMG_2163">
        <transform>0.99853269252069388 -0.038661566377541354 0.037917611377944527 0.015145395525000509 -0.042526697018577836 -0.99334056725566744 0.10707939804125866 1.0205759444006195 0.033525244340108076 -0.10853479041037151 -0.99352717993143647 -0.58455904179837215 0 0 0 1</transform>
        <rotation_covariance>4.7038854609221724e-09 1.3026290899167646e-10 -9.3987495393738541e-10 1.3026290899167641e-10 2.8681096963401599e-09 1.7378407054645121e-10 -9.3987495393738541e-10 1.7378407054645116e-10 5.1401036541562045e-09</rotation_covariance>
        <location_covariance>1.4726796849223298e-07 1.6245397596153281e-08 -3.1141620358732369e-08 1.6245397596153281e-08 1.0860230858833596e-07 9.1494656320787748e-09 -3.1141620358732369e-08 9.1494656320787748e-09 9.6274315406628156e-08</location_covariance>
        <orientation>6</orientation>
      </camera>
      <camera id="13" sensor_id="0" component_id="1" label="IMG_2164">
        <transform>0.99909749540963699 -0.02226147851917356 0.036174870287680336 -0.034250478383617167 -0.022123355400591502 -0.99974636723001364 -0.0042140664696848074 0.3110232880995033 0.036259506505318596 0.0034099537434065796 -0.99933659014541221 -1.0807853086056149 0 0 0 1</transform>
        <rotation_covariance>6.4795543068004786e-09 1.4947154447245939e-10 -8.44165069458807e-10 1.4947154447245945e-10 2.7363821185514338e-09 -6.1636177682964222e-11 -8.44165069458807e-10 -6.1636177682964222e-11 4.949763433108653e-09</rotation_covariance>
        <location_covariance>1.4486578211349389e-07 2.4086243141690543e-08 -3.0368668387429223e-08 2.4086243141690543e-08 1.0667088080062848e-07 2.2447851311987588e-08 -3.0368668387429223e-08 2.2447851311987588e-08 1.136651326173853e-07</location_covariance>
        <orientation>6</orientation>
      </camera>
      <camera id="14" sensor_id="0" component_id="1" label="IMG_2165">
        <transform>0.99806275396862731 -0.0025818567356615464 0.062161669510694476 -0.044100121631517324 0.0017861931474055215 -0.99753757974094426 -0.070111243881557705 -0.4443370089875282 0.062189618543615828 0.070086453900705253 -0.99560049232863668 -0.85584803403629683 0 0 0 1</transform>
        <rotation_covariance>9.7696871773721389e-09 4.6655872800632414e-10 -1.0885230122034127e-09 4.6655872800632414e-10 3.8271658174497051e-09 -7.8344590311280168e-10 -1.0885230122034132e-09 -7.8344590311280199e-10 5.6440747638460164e-09</rotation_covariance>
        <location_covariance>1.5797763124355633e-07 3.8189149223076109e-08 -5.5723131490466733e-08 3.8189149223076109e-08 1.4935379212615284e-07 2.5324613083986754e-08 -5.5723131490466733e-08 2.5324613083986754e-08 1.3409469927971051e-07</location_covariance>
        <orientation>6</orientation>
      </camera>
      <camera id="15" sensor_id="0" component_id="1" label="IMG_2166">
        <transform>0.99893598328262545 -0.021438873437559739 0.040832291252181983 -0.10859842186302697 -0.017730129422706985 -0.99586319336799589 -0.089118699527939743 -0.079168739669815524 0.042573980479029466 0.088299913933284846 -0.99518369228275927 -1.9777007137483225 0 0 0 1</transform>
        <rotation_covariance>1.0397685063068125e-08 1.7095648197111808e-10 -8.3161285190079939e-10 1.70956481971118e-10 4.1345927443993714e-09 -3.0036672504445337e-10 -8.316128519007997e-10 -3.0036672504445326e-10 5.8296435735697105e-09</rotation_covariance>
        <location_covariance>2.1887874343088593e-07 4.1898266975133943e-08 -3.0723914359306847e-08 4.1898266975133943e-08 2.001965049099342e-07 5.0169474768283066e-08 -3.0723914359306847e-08 5.0169474768283066e-08 1.5704636160750325e-07</location_covariance>
        <orientation>6</orientation>
      </camera>
      <camera id="16" sensor_id="0" component_id="1" label="IMG_2167">
        <transform>0.99737963049254486 -0.036961703341014535 0.06219087686056296 -0.097887977646806984 -0.052851584601531422 -0.95927729479325474 0.27747753368379507 -0.015759329543375937 0.049402253831804493 -0.28003732640536577 -0.95871711841192875 -1.9591618826704769 0 0 0 1</transform>
        <rotation_covariance>6.0062855991790325e-09 2.2325924471891225e-10 -8.7116530824468406e-10 2.232592447189122e-10 4.0617166594937373e-09 7.0356757932097432e-10 -8.7116530824468406e-10 7.0356757932097452e-10 2.8310798714498703e-09</rotation_covariance>
        <location_covariance>2.1782334326950654e-07 4.3491867094884085e-08 -2.3419444834078702e-08 4.3491867094884085e-08 1.6497211860332265e-07 2.6338105147143689e-08 -2.3419444834078702e-08 2.6338105147143689e-08 1.1867045707853022e-07</location_covariance>
        <orientation>6</orientation>
      </camera>
      <camera id="17" sensor_id="0" component_id="1" label="IMG_2168">
        <transform>0.9978839492310223 -0.033333246283297237 0.05582578758348361 -0.082918926943855165 -0.035452395538942368 -0.99867093355414849 0.037409813213043819 1.0132484887496163 0.054504600885150668 -0.039309810051710414 -0.9977394385890781 -2.2511056080677525 0 0 0 1</transform>
        <rotation_covariance>5.8520813150816817e-09 1.9018072749536739e-10 -8.4943299644044005e-10 1.9018072749536739e-10 4.6946530035025617e-09 6.4550774771488521e-10 -8.4943299644044015e-10 6.4550774771488511e-10 5.4376206287258174e-09</rotation_covariance>
        <location_covariance>2.813624321136957e-07 1.7273178613389754e-08 -2.5107091255533376e-08 1.7273178613389754e-08 1.8419155000141454e-07 4.3566859760146909e-08 -2.5107091255533376e-08 4.3566859760146909e-08 1.501069046748972e-07</location_covariance>
        <orientation>6</orientation>
      </camera>
      <camera id="18" sensor_id="0" component_id="1" label="IMG_2169">
        <transform>0.99686341779820631 -0.028108038222068692 0.073981514197707474 -0.073575672669114148 -0.054137812661462135 -0.92405796093650061 0.37839923634979666 0.97170550553887947 0.057727146958006646 -0.3812175533959361 -0.92268128489034895 -2.2808224437895794 0 0 0 1</transform>
        <rotation_covariance>3.7783421135776791e-09 -5.4223060608047087e-10 -1.0915476189217661e-09 -5.4223060608047097e-10 4.582706888992426e-09 1.1335307365115371e-09 -1.0915476189217663e-09 1.1335307365115373e-09 2.6039986793372633e-09</rotation_covariance>
        <location_covariance>2.4899244869416652e-07 7.9159246554393126e-09 -8.3014618683553795e-09 7.9159246554393126e-09 1.802426035715669e-07 2.2876713842103085e-08 -8.3014618683553795e-09 2.2876713842103085e-08 1.2074927009295929e-07</location_covariance>
        <orientation>6</orientation>
      </camera>
      <camera id="19" sensor_id="0" component_id="1" label="IMG_2170">
        <transform>0.99372734495796422 -0.040569865628655638 0.1042115631092243 -0.11915150535070121 -0.098329754615785928 -0.76084438925356279 0.64144140394783733 1.0278728798485428 0.053265591520176896 -0.64766496071985102 -0.76006109979116776 -2.7670636821829984 0 0 0 1</transform>
        <rotation_covariance>4.7075091468766642e-09 -1.6228402618487359e-09 -1.1978130636284875e-09 -1.6228402618487363e-09 7.5366576478424259e-09 6.8184327051244757e-10 -1.1978130636284879e-09 6.8184327051244695e-10 2.0819061198877317e-09</rotation_covariance>
        <location_covariance>3.0538018991155012e-07 -2.3256417631481504e-09 -1.1574000399577049e-08 -2.3256417631481504e-09 2.2716886602507218e-07 1.8783622176640125e-08 -1.1574000399577049e-08 1.8783622176640125e-08 1.4679284629986878e-07</location_covariance>
        <orientation>6</orientation>
      </camera>
      <camera id="20" sensor_id="0" component_id="1" label="IMG_2171">
        <transform>0.9889016383528586 -0.048245552241421394 0.14052016350671137 -0.096418841849211262 -0.14362912020948171 -0.552368957628811 0.82113288234969017 1.0344889814141442 0.038002966869481375 -0.83220244011717526 -0.55316803339684806 -2.7208004835775879 0 0 0 1</transform>
        <rotation_covariance>8.9482774435282382e-09 -3.7028692022325776e-09 -1.3015502511948789e-09 -3.7028692022325781e-09 1.2549774669164162e-08 -7.0080596852827345e-10 -1.3015502511948796e-09 -7.0080596852827304e-10 3.1989791303784245e-09</rotation_covariance>
        <location_covariance>3.391305178263022e-07 -6.4756531780361634e-09 -3.5223148750101764e-08 -6.4756531780361634e-09 2.7677135679239139e-07 2.1680321416315135e-08 -3.5223148750101764e-08 2.1680321416315135e-08 1.6709434505083863e-07</location_covariance>
        <orientation>6</orientation>
      </camera>
      <camera id="21" sensor_id="0" component_id="1" label="IMG_2172">
        <transform>0.99387977812444972 -0.049015251076028943 0.098997433286168168 -0.12463534229556401 -0.10557684417780769 -0.68516232951548883 0.72069835034247398 1.6034861062598933 0.032504101414288999 -0.72673935312109117 -0.68614385956327495 -3.3340276408229959 0 0 0 1</transform>
        <rotation_covariance>8.157962074175665e-09 -3.5453511416346785e-09 -1.9410739730249125e-09 -3.5453511416346785e-09 1.3801483002700213e-08 1.4077903213230075e-09 -1.9410739730249125e-09 1.4077903213230067e-09 2.8448924604221176e-09</rotation_covariance>
        <location_covariance>4.367196168373774e-07 -2.1122269519053699e-08 -1.8118950439728852e-08 -2.1122269519053699e-08 3.1308093926910143e-07 2.1352574579497067e-08 -1.8118950439728852e-08 2.1352574579497067e-08 1.8661498206132939e-07</location_covariance>
        <orientation>6</orientation>
      </camera>
      <camera id="22" sensor_id="0" component_id="1" label="IMG_2173">
        <transform>0.99555519797363834 -0.04146477901748731 0.084560746736886044 -0.12289092961189924 -0.069409826350952677 -0.92990259377389339 0.36119723434505452 1.5707524833113169 0.063656294218242385 -0.36546113089303578 -0.92864742395205291 -3.3551177297303165 0 0 0 1</transform>
        <rotation_covariance>6.5099509708505268e-09 2.8400342141993729e-10 -1.2114138190791272e-09 2.8400342141993745e-10 6.8128003446508037e-09 1.8614280957187494e-09 -1.211413819079127e-09 1.8614280957187498e-09 3.3356557914417474e-09</rotation_covariance>
        <location_covariance>3.8986022812084535e-07 2.8004073385541191e-08 1.4296775138957753e-08 2.8004073385541191e-08 2.8879236934303225e-07 3.7725173475285878e-08 1.4296775138957753e-08 3.7725173475285878e-08 1.8456651694769101e-07</location_covariance>
        <orientation>6</orientation>
      </camera>
      <camera id="23" sensor_id="0" component_id="1" label="IMG_2174">
        <transform>0.99723573028281742 -0.014206128432881448 0.072932051679932969 -0.1041053027202697 -0.0029662118878531919 -0.9883815437699206 -0.15196422448071284 1.5710037135439734 0.074243517119896019 0.15132782245818704 -0.98569152898649337 -3.4078347004894431 0 0 0 1</transform>
        <rotation_covariance>1.1138754073635204e-08 -1.7236058354215384e-10 -5.4454663188096562e-10 -1.7236058354215397e-10 8.0390251067191581e-09 7.0713860926566887e-10 -5.4454663188096573e-10 7.0713860926566908e-10 9.2440241543225896e-09</rotation_covariance>
        <location_covariance>4.3138683775345493e-07 -4.1922898943917677e-10 -3.2653787532253366e-09 -4.1922898943917677e-10 3.2118986399221997e-07 1.1716216075087505e-07 -3.2653787532253366e-09 1.1716216075087505e-07 2.2205574179276596e-07</location_covariance>
        <orientation>6</orientation>
      </camera>
      <camera id="24" sensor_id="0" component_id="1" label="IMG_2175">
        <transform>0.99895744559528166 0.0003825055253699472 0.045649486078964741 -0.089052986253319991 0.023288494025656734 -0.86433052748617656 -0.50238469851447998 1.5673648762649743 0.039264079459061359 0.50292404291800441 -0.86343832386525554 -3.4189625985957575 0 0 0 1</transform>
        <rotation_covariance>1.5630008941537638e-08 1.5887605223464343e-09 5.521836430229442e-10 1.5887605223464345e-09 7.5267420391361422e-09 -2.0419918798736606e-09 5.5218364302294461e-10 -2.0419918798736602e-09 1.3777933535436506e-08</rotation_covariance>
        <location_covariance>4.1040151631469663e-07 -4.1043145701064198e-09 -2.4429496504968614e-08 -4.1043145701064198e-09 3.3952059137818548e-07 1.4520881540555006e-07 -2.4429496504968614e-08 1.4520881540555006e-07 2.6250822111162808e-07</location_covariance>
        <orientation>6</orientation>
      </camera>
      <camera id="25" sensor_id="0" component_id="1" label="IMG_2176">
        <transform>0.99696818774292884 0.049312037113188614 0.06018933148264495 -0.10273452527890432 0.077287611496847333 -0.5380781122297581 -0.83934413100251792 1.4581061011880985 -0.0090032070781804596 0.84145128684612969 -0.54025796998036035 -3.3998459307830569 0 0 0 1</transform>
        <rotation_covariance>6.2793205915174155e-08 1.3952561237246158e-08 3.9706005300781487e-09 1.395256123724616e-08 4.2093238773451183e-08 -9.0332224023551671e-09 3.9706005300781487e-09 -9.0332224023551688e-09 1.980824939790965e-08</rotation_covariance>
        <location_covariance>6.7100890113437173e-07 9.6381088511048593e-09 -1.2071688101511094e-07 9.6381088511048593e-09 5.5308295653909036e-07 7.0707292911448135e-08 -1.2071688101511094e-07 7.0707292911448135e-08 4.289969833958753e-07</location_covariance>
        <orientation>6</orientation>
      </camera>
      <camera id="26" sensor_id="0" component_id="1" label="IMG_2177">
        <transform>0.99921444547946536 0.036776317605429584 0.014764633708605222 -0.16683823358501695 0.030274459833522636 -0.46796865805971849 -0.8832263538615539 2.2281797101546932 -0.025572427083738771 0.88297952271679048 -0.46871442631508159 -3.7839878494489634 0 0 0 1</transform>
        <rotation_covariance>2.5247980281298661e-08 3.9534329749402422e-09 1.8326944647510895e-09 3.9534329749402422e-09 2.2657532131093668e-08 -7.9791663060884744e-09 1.8326944647510897e-09 -7.9791663060884744e-09 2.2016771191378731e-08</rotation_covariance>
        <location_covariance>5.8518085945105473e-07 -1.7038966364838832e-08 -6.8394831832167222e-08 -1.7038966364838832e-08 4.9749988772039529e-07 2.7873008232067962e-07 -6.8394831832167222e-08 2.7873008232067962e-07 2.5238267866787697e-07</location_covariance>
        <orientation>6</orientation>
      </camera>
      <camera id="27" sensor_id="0" component_id="1" label="IMG_2178">
        <transform>0.99818011647047555 0.048237944542696386 0.036187785083979809 -0.14100997831260742 0.040474840242673706 -0.091081625208629016 -0.99502056504209235 2.2157068561235014 -0.044701704557193418 0.99467443832424407 -0.092868290358070177 -3.7361516709150879 0 0 0 1</transform>
        <rotation_covariance>4.7167190567320045e-08 6.8464965120175198e-09 2.0134006225627945e-09 6.8464965120175215e-09 4.6264359534728354e-08 -8.6070366026137342e-09 2.0134006225627949e-09 -8.6070366026137359e-09 2.4104763402004401e-08</rotation_covariance>
        <location_covariance>7.5589743845988474e-07 -5.0971134418435987e-08 -1.20464868807157e-07 -5.0971134418435987e-08 5.7955090129878125e-07 2.711032960954833e-07 -1.20464868807157e-07 2.711032960954833e-07 4.2448189018491367e-07</location_covariance>
        <orientation>6</orientation>
      </camera>
      <camera id="28" sensor_id="0" component_id="1" label="IMG_2179">
        <transform>0.99896246267023137 -0.018332823659097258 0.04168819680091173 -0.18330306580401509 -0.020709788432530706 -0.99814104701224782 0.057319760400522113 2.196505573447423 0.040559867343310206 -0.058123642745254112 -0.99748510731494877 -3.8443123353318724 0 0 0 1</transform>
        <rotation_covariance>2.3145772278290304e-08 -1.4841297149957058e-10 6.0421986965982957e-10 -1.4841297149957061e-10 1.2539086988244993e-08 4.3279504058645995e-09 6.0421986965982988e-10 4.3279504058645995e-09 9.4869981341845543e-09</rotation_covariance>
        <location_covariance>5.4722852278521399e-07 2.9515127708381202e-08 3.4863807420938124e-10 2.9515127708381202e-08 5.3235322041728528e-07 4.4264955028389218e-08 3.4863807420938124e-10 4.4264955028389218e-08 2.585139886270421e-07</location_covariance>
        <orientation>6</orientation>
      </camera>
      <camera id="29" sensor_id="0" component_id="1" label="IMG_2180">
        <transform>0.99214873043450003 -0.061392432575618897 0.10895809249274649 -0.17305024708165082 -0.11888033796726075 -0.73350823252670283 0.66920336076587539 2.4595058684226108 0.038837635638638901 -0.67690223964617002 -0.7350476147978442 -3.6266309848855234 0 0 0 1</transform>
        <rotation_covariance>2.3001895904585196e-08 -1.1398268965693296e-08 -3.6400836256904762e-09 -1.1398268965693298e-08 2.4845005475381257e-08 5.9791077449408332e-09 -3.6400836256904775e-09 5.9791077449408308e-09 5.0169151407041465e-09</rotation_covariance>
        <location_covariance>6.0637548566569901e-07 -6.5896311908234347e-08 -2.8266207760397802e-08 -6.5896311908234347e-08 4.5354402661233416e-07 4.3575905846880778e-08 -2.8266207760397802e-08 4.3575905846880778e-08 2.352865224788603e-07</location_covariance>
        <orientation>6</orientation>
      </camera>
      <camera id="30" sensor_id="0" component_id="1" label="IMG_2181">
        <transform>0.99327349356337713 -0.052530369165297117 0.10319073262537001 -0.16544017344533016 -0.11539044507881989 -0.37490209965329968 0.91985513036567812 2.474651863980216 -0.0096339072506881132 -0.92557494347616387 -0.37844182094501738 -3.5471329564439613 0 0 0 1</transform>
        <rotation_covariance>5.8693149180388113e-08 -4.7099123948024394e-09 -2.3779012429428468e-09 -4.7099123948024403e-09 3.2004489858044124e-08 -6.4379814292745391e-09 -2.3779012429428476e-09 -6.4379814292745466e-09 1.4664055128066221e-08</rotation_covariance>
        <location_covariance>5.963839944537153e-07 -5.8209471578599858e-08 -8.6108124420489273e-09 -5.8209471578599858e-08 4.890367578702204e-07 6.5799101150002496e-08 -8.6108124420489273e-09 6.5799101150002496e-08 3.1049034186939164e-07</location_covariance>
        <orientation>6</orientation>
      </camera>
      <camera id="31" sensor_id="0" component_id="1" label="IMG_2182">
        <transform>0.99842439617661505 0.055708904781897717 0.0067262952182751724 -0.19351977564496503 0.027369593415555355 -0.37883054369119645 -0.92506125447069676 2.8818529001512414 -0.048986023268164258 0.92378782038660434 -0.37975838691164832 -3.9258322887951138 0 0 0 1</transform>
        <rotation_covariance>2.6039994246029228e-08 4.7456398292087567e-09 2.0274080376295126e-09 4.7456398292087559e-09 2.6772856063698973e-08 -9.5925231861472134e-09 2.0274080376295126e-09 -9.592523186147215e-09 2.3492607462690921e-08</rotation_covariance>
        <location_covariance>6.8972240245490825e-07 -3.4282650908219859e-08 -6.7698062086745096e-08 -3.4282650908219859e-08 5.7389130834242794e-07 3.4337646278277869e-07 -6.7698062086745096e-08 3.4337646278277869e-07 2.5893403611713786e-07</location_covariance>
        <orientation>6</orientation>
      </camera>
      <camera id="32" sensor_id="0" component_id="1" label="IMG_2183">
        <transform>0.99792931020322873 0.061067695850992358 0.020194760725471949 -0.17622201086758671 0.044992140948250527 -0.43838062858717092 -0.89766259347953736 2.8731365553577857 -0.045965194334421491 0.89671241822725256 -0.44022044467156629 -3.935655877929368 0 0 0 1</transform>
        <rotation_covariance>2.4150487720779031e-08 5.0747713610674564e-09 1.8590243964155075e-09 5.0747713610674572e-09 2.5243171433501319e-08 -9.1079331183890007e-09 1.8590243964155073e-09 -9.1079331183890007e-09 2.3324420915387893e-08</rotation_covariance>
        <location_covariance>6.8716046313218119e-07 -3.0945046224527376e-08 -5.2615326780788595e-08 -3.0945046224527369e-08 5.4877256245537745e-07 3.513746997123959e-07 -5.2615326780788588e-08 3.513746997123959e-07 2.2655217790439961e-07</location_covariance>
        <orientation>6</orientation>
      </camera>
    </cameras>
    <reference>LOCAL_CS["Local Coordinates (m)",LOCAL_DATUM["Local Datum",0],UNIT["metre",1,AUTHORITY["EPSG","9001"]]]</reference>
    <region>
      <center>0.24359936703191631 1.7826175651669827 -3.7918241408350841</center>
      <size>11.415866819520792 9.6220466916759815 7.792980571587881</size>
      <R>-0.28578295977887797 -0.59032519238983272 -0.75488029986874838 0.3804806317632391 -0.79288038008154871 0.47599915098116002 -0.87952406945635708 -0.15118488718005582 0.45119900391654599</R>
    </region>
    <settings>
      <property name="accuracy_tiepoints" value="1"/>
      <property name="accuracy_cameras" value="10"/>
      <property name="accuracy_cameras_ypr" value="10"/>
      <property name="accuracy_markers" value="0.0050000000000000001"/>
      <property name="accuracy_scalebars" value="0.001"/>
      <property name="accuracy_projections" value="0.5"/>
    </settings>
    <meta>
      <property name="AlignCameras/adaptive_fitting" value="false"/>
      <property name="AlignCameras/align_laser_scans" value="false"/>
      <property name="AlignCameras/cameras" value=""/>
      <property name="AlignCameras/duration" value="21.399"/>
      <property name="AlignCameras/min_image" value="2"/>
      <property name="AlignCameras/point_clouds" value=""/>
      <property name="AlignCameras/ram_used" value="194629632"/>
      <property name="AlignCameras/reset_alignment" value="true"/>
      <property name="AlignCameras/subdivide_task" value="true"/>
      <property name="Info/LastSavedDateTime" value="2025:12:09 18:15:32"/>
      <property name="Info/LastSavedSoftwareVersion" value="2.2.3.21752"/>
      <property name="OptimizeCameras/adaptive_fitting" value="false"/>
      <property name="OptimizeCameras/duration" value="0.549"/>
      <property name="OptimizeCameras/exclude_corners" value="false"/>
      <property name="OptimizeCameras/fit_flags" value="f cx cy k1 k2 k3 p1 p2"/>
      <property name="OptimizeCameras/sigma0" value="0.444176246086548"/>
    </meta>
  </chunk>
</document>
