{
  "cameras": [
    {
      "id": 0,
      "label": "IMG_2151",
      "rotation": [
        [
          0.9990941460667642,
          -0.03012348026808461,
          0.03005766510661151
        ],
        [
          -0.041383309690199994,
          -0.8523470632329382,
          0.5213366527276504
        ],
        [
          0.009915088209788826,
          -0.5221082835339084,
          -0.8528215706061075
        ]
      ],
      "translation": [
        0.035324044474139296,
        -0.13977923974498394,
        0.7238177475512775
      ],
      "center": [
        -0.04825329043092356,
        0.2598349004245131,
        0.6890976709697064
      ],
      "matrix": [
        [
          0.9990941460667642,
          -0.03012348026808461,
          0.03005766510661151,
          0.035324044474139296
        ],
        [
          -0.041383309690199994,
          -0.8523470632329382,
          0.5213366527276504,
          -0.13977923974498394
        ],
        [
          0.009915088209788826,
          -0.5221082835339084,
          -0.8528215706061075,
          0.7238177475512775
        ],
        [
          0.0,
          0.0,
          0.0,
          1.0
        ]
      ]
    },
    {
      "id": 1,
      "label": "IMG_2152",
      "rotation": [
        [
          0.9993453772306053,
          -0.024598563269984185,
          0.026527866345992593
        ],
        [
          -0.03265007891426742,
          -0.9290592233439429,
          0.36848735645397734
        ],
        [
          0.015581699352457429,
          -0.3691122731698325,
          -0.9292541850541696
        ]
      ],
      "translation": [
        0.04041089605801019,
        -0.14884733847833018,
        0.7143943606668421
      ],
      "center": [
        -0.0563757976598169,
        0.1263977837054366,
        0.7176302968503024
      ],
      "matrix": [
        [
          0.9993453772306053,
          -0.024598563269984185,
          0.026527866345992593,
          0.04041089605801019
        ],
        [
          -0.03265007891426742,
          -0.9290592233439429,
          0.36848735645397734,
          -0.14884733847833018
        ],
        [
          0.015581699352457429,
          -0.3691122731698325,
          -0.9292541850541696,
          0.7143943606668421
        ],
        [
          0.0,
          0.0,
          0.0,
          1.0
        ]
      ]
    },
    {
      "id": 2,
      "label": "IMG_2153",
      "rotation": [
        [
          0.9996143339771688,
          0.004545590648854096,
          0.027395636751764176
        ],
        [
          0.0002828531172170936,
          -0.988127897764182,
          0.15363325699291752
        ],
        [
          0.027768746847771912,
          -0.15356625692446463,
          -0.9877480961422873
        ]
      ],
      "translation": [
        0.047239604967605965,
        -0.15837578490077092,
        0.7098960821439879
      ],
      "center": [
        -0.0668895137658686,
        -0.04769417915715286,
        0.7242361322017187
      ],
      "matrix": [
        [
          0.9996143339771688,
          0.004545590648854096,
          0.027395636751764176,
          0.047239604967605965
        ],
        [
          0.0002828531172170936,
          -0.988127897764182,
          0.15363325699291752,
          -0.15837578490077092
        ],
        [
          0.027768746847771912,
          -0.15356625692446463,
          -0.9877480961422873,
          0.7098960821439879
        ],
        [
          0.0,
          0.0,
          0.0,
          1.0
        ]
      ]
    },
    {
      "id": 3,
      "label": "IMG_2154",
      "rotation": [
        [
          0.9995002516061062,
          0.0031592418058790355,
          0.03145260292157433
        ],
        [
          0.003970434604115678,
          -0.9996602197186243,
          -0.02576200227403468
        ],
        [
          0.03136052755271633,
          0.025874008257804317,
          -0.9991731846923688
        ]
      ],
      "translation": [
        0.0468139924347643,
        -0.1588642008323861,
        0.7084371272705147
      ],
      "center": [
        -0.06837679934602736,
        -0.17728822671265923,
        0.7022862987908622
      ],
      "matrix": [
        [
          0.9995002516061062,
          0.0031592418058790355,
          0.03145260292157433,
          0.0468139924347643
        ],
        [
          0.003970434604115678,
          -0.9996602197186243,
          -0.02576200227403468,
          -0.1588642008323861
        ],
        [
          0.03136052755271633,
          0.025874008257804317,
          -0.9991731846923688,
          0.7084371272705147
        ],
        [
          0.0,
          0.0,
          0.0,
          1.0
        ]
      ]
    },
    {
      "id": 4,
      "label": "IMG_2155",
      "rotation": [
        [
          0.9988720498870656,
          0.04669220958295657,
          0.008629340570028374
        ],
        [
          0.047474954323518684,
          -0.9854027320305542,
          -0.16348573154468285
        ],
        [
          0.000869865732220755,
          0.163711005344728,
          -0.986507957424889
        ]
      ],
      "translation": [
        0.0025414198233981,
        -0.08432409845299023,
        0.15010012386431548
      ],
      "center": [
        0.0013341625396546602,
        -0.10778490367881766,
        0.13426724890298822
      ],
      "matrix": [
        [
          0.9988720498870656,
          0.04669220958295657,
          0.008629340570028374,
          0.0025414198233981
        ],
        [
          0.047474954323518684,
          -0.9854027320305542,
          -0.16348573154468285,
          -0.08432409845299023
        ],
        [
          0.000869865732220755,
          0.163711005344728,
          -0.986507957424889,
          0.15010012386431548
        ],
        [
          0.0,
          0.0,
          0.0,
          1.0
        ]
      ]
    },
    {
      "id": 5,
      "label": "IMG_2156",
      "rotation": [
        [
          0.9999996580715458,
          0.0008242862948641671,
          -6.639950863703825e-05
        ],
        [
          0.0008247133958463632,
          -0.9999771349116127,
          0.006711892563012439
        ],
        [
          -6.08654693541126e-05,
          -0.006711945028589489,
          -0.9999774727909264
        ]
      ],
      "translation": [
        0.00032557084071901303,
        0.0036615600694658063,
        -0.0005697961083888278
      ],
      "center": [
        -0.00032862514794363654,
        0.00365738354383216,
        -0.0005943376525281854
      ],
      "matrix": [
        [
          0.9999996580715458,
          0.0008242862948641671,
          -6.639950863703825e-05,
          0.00032557084071901303
        ],
        [
          0.0008247133958463632,
          -0.9999771349116127,
          0.006711892563012439,
          0.0036615600694658063
        ],
        [
          -6.08654693541126e-05,
          -0.006711945028589489,
          -0.9999774727909264,
          -0.0005697961083888278
        ],
        [
          0.0,
          0.0,
          0.0,
          1.0
        ]
      ]
    },
    {
      "id": 6,
      "label": "IMG_2157",
      "rotation": [
        [
          0.9997213771218754,
          -0.01717433676854161,
          0.01619290838921536
        ],
        [
          -0.02270702044457817,
          -0.8870920906183964,
          0.4610336365004324
        ],
        [
          0.0064466540212974035,
          -0.46127287468356915,
          -0.8872349044830721
        ]
      ],
      "translation": [
        0.008651606487807134,
        0.09738917823350857,
        0.0516498250526948
      ],
      "center": [
        -0.006770746443453416,
        0.11036641860514121,
        0.000785745929135247
      ],
      "matrix": [
        [
          0.9997213771218754,
          -0.01717433676854161,
          0.01619290838921536,
          0.008651606487807134
        ],
        [
          -0.02270702044457817,
          -0.8870920906183964,
          0.4610336365004324,
          0.09738917823350857
        ],
        [
          0.0064466540212974035,
          -0.46127287468356915,
          -0.8872349044830721,
          0.0516498250526948
        ],
        [
          0.0,
          0.0,
          0.0,
          1.0
        ]
      ]
    },
    {
      "id": 7,
      "label": "IMG_2158",
      "rotation": [
        [
          0.9991791761855313,
          -0.030977710092818203,
          0.0261027844225038
        ],
        [
          -0.039401924160211516,
          -0.8928159201653434,
          0.4486950201103014
        ],
        [
          0.009405437239987175,
          -0.44935522048454724,
          -0.8933036569798696
        ]
      ],
      "translation": [
        0.012900339133445429,
        0.7501787761161314,
        0.2931045199761141
      ],
      "center": [
        0.01391196084786622,
        0.8018792234512939,
        -0.0751068762351344
      ],
      "matrix": [
        [
          0.9991791761855313,
          -0.030977710092818203,
          0.0261027844225038,
          0.012900339133445429
        ],
        [
          -0.039401924160211516,
          -0.8928159201653434,
          0.4486950201103014,
          0.7501787761161314
        ],
        [
          0.009405437239987175,
          -0.44935522048454724,
          -0.8933036569798696,
          0.2931045199761141
        ],
        [
          0.0,
          0.0,
          0.0,
          1.0
        ]
      ]
    },
    {
      "id": 8,
      "label": "IMG_2159",
      "rotation": [
        [
          0.9997256427436936,
          -0.002961553196586848,
          0.023235069256889986
        ],
        [
          -0.009563609080981106,
          -0.9571323938256864,
          0.2894928635922782
        ],
        [
          0.021381688942991924,
          -0.28963565024384486,
          -0.9568981207452393
        ]
      ],
      "translation": [
        0.009435037693431172,
        1.2702795274168324,
        0.2629668497008964
      ],
      "center": [
        -0.002906667681211525,
        1.2920182017759698,
        -0.11632359741170935
      ],
      "matrix": [
        [
          0.9997256427436936,
          -0.002961553196586848,
          0.023235069256889986,
          0.009435037693431172
        ],
        [
          -0.009563609080981106,
          -0.9571323938256864,
          0.2894928635922782,
          1.2702795274168324
        ],
        [
          0.021381688942991924,
          -0.28963565024384486,
          -0.9568981207452393,
          0.2629668497008964
        ],
        [
          0.0,
          0.0,
          0.0,
          1.0
        ]
      ]
    },
    {
      "id": 9,
      "label": "IMG_2160",
      "rotation": [
        [
          0.9983520514321407,
          0.010190883016925185,
          0.05647412951584111
        ],
        [
          0.017403682023216835,
          -0.9915256542523595,
          -0.12874000470508948
        ],
        [
          0.05468357388897884,
          0.12951070559134104,
          -0.9900690298580003
        ]
      ],
      "translation": [
        0.008045165753502214,
        1.7681144261151582,
        0.15724696207967803
      ],
      "center": [
        -0.0474024348565928,
        1.7326836607927878,
        0.3828580629988069
      ],
      "matrix": [
        [
          0.9983520514321407,
          0.010190883016925185,
          0.05647412951584111,
          0.008045165753502214
        ],
        [
          0.017403682023216835,
          -0.9915256542523595,
          -0.12874000470508948,
          1.7681144261151582
        ],
        [
          0.05468357388897884,
          0.12951070559134104,
          -0.9900690298580003,
          0.15724696207967803
        ],
        [
          0.0,
          0.0,
          0.0,
          1.0
        ]
      ]
    },
    {
      "id": 10,
      "label": "IMG_2161",
      "rotation": [
        [
          0.9978216849617918,
          -0.005880740975151337,
          0.06570617859526984
        ],
        [
          0.007215078583660181,
          -0.9803150410834671,
          -0.1973077871411863
        ],
        [
          0.06557307115761718,
          0.19735206386329768,
          -0.9781371760790278
        ]
      ],
      "translation": [
        -0.002518838646754258,
        2.1151991231808167,
        -0.1714567420712659
      ],
      "center": [
        -0.001505030922895155,
        2.1073840446141174,
        0.24980254811046254
      ],
      "matrix": [
        [
          0.9978216849617918,
          -0.005880740975151337,
          0.06570617859526984,
          -0.002518838646754258
        ],
        [
          0.007215078583660181,
          -0.9803150410834671,
          -0.1973077871411863,
          2.1151991231808167
        ],
        [
          0.06557307115761718,
          0.19735206386329768,
          -0.9781371760790278,
          -0.1714567420712659
        ],
        [
          0.0,
          0.0,
          0.0,
          1.0
        ]
      ]
    },
    {
      "id": 11,
      "label": "IMG_2162",
      "rotation": [
        [
          0.9968086303440999,
          0.0022010935455058596,
          0.07979793016566035
        ],
        [
          -0.036956574628355617,
          -0.8733227794336063,
          0.48573813368326324
        ],
        [
          0.07075850523617958,
          -0.48713702190406843,
          -0.8704543387376371
        ]
      ],
      "translation": [
        -0.017263234166503473,
        0.45533578788184037,
        -0.2521635184194489
      ],
      "center": [
        0.05187850546909417,
        0.2748549284461562,
        -0.43929321413002864
      ],
      "matrix": [
        [
          0.9968086303440999,
          0.0022010935455058596,
          0.07979793016566035,
          -0.017263234166503473
        ],
        [
          -0.036956574628355617,
          -0.8733227794336063,
          0.48573813368326324,
          0.45533578788184037
        ],
        [
          0.07075850523617958,
          -0.48713702190406843,
          -0.8704543387376371,
          -0.2521635184194489
        ],
        [
          0.0,
          0.0,
          0.0,
          1.0
        ]
      ]
    },
    {
      "id": 12,
      "label": "IMG_2163",
      "rotation": [
        [
          0.9990518435106928,
          0.008665486122400935,
          0.042665247311461006
        ],
        [
          0.01132184661467614,
          -0.9979858768308075,
          -0.06241798967827924
        ],
        [
          0.042038432024986375,
          0.06284185704215386,
          -0.9971377393501732
        ]
      ],
      "translation": [
        -0.016976412487024282,
        0.4230555082060199,
        -0.2715532107972219
      ],
      "center": [
        0.023586217811222943,
        0.43941543922415904,
        -0.2436453775458601
      ],
      "matrix": [
        [
          0.9990518435106928,
          0.008665486122400935,
          0.042665247311461006,
          -0.016976412487024282
        ],
        [
          0.01132184661467614,
          -0.9979858768308075,
          -0.06241798967827924,
          0.4230555082060199
        ],
        [
          0.042038432024986375,
          0.06284185704215386,
          -0.9971377393501732,
          -0.2715532107972219
        ],
        [
          0.0,
          0.0,
          0.0,
          1.0
        ]
      ]
    },
    {
      "id": 13,
      "label": "IMG_2164",
      "rotation": [
        [
          0.9986247748117532,
          0.024273538609231697,
          0.04646885468313166
        ],
        [
          0.031972955261411154,
          -0.9844238076935272,
          -0.1728800074561212
        ],
        [
          0.04154863733057526,
          0.17412800512715623,
          -0.9838461000412664
        ]
      ],
      "translation": [
        -0.02485320850910063,
        -0.02517088239830895,
        -0.4803797239457712
      ],
      "center": [
        0.04558294017874625,
        0.05947202245697081,
        -0.475816360145025
      ],
      "matrix": [
        [
          0.9986247748117532,
          0.024273538609231697,
          0.04646885468313166,
          -0.02485320850910063
        ],
        [
          0.031972955261411154,
          -0.9844238076935272,
          -0.1728800074561212,
          -0.02517088239830895
        ],
        [
          0.04154863733057526,
          0.17412800512715623,
          -0.9838461000412664,
          -0.4803797239457712
        ],
        [
          0.0,
          0.0,
          0.0,
          1.0
        ]
      ]
    },
    {
      "id": 14,
      "label": "IMG_2165",
      "rotation": [
        [
          0.996201327105057,
          0.043088213105299714,
          0.0756724637204041
        ],
        [
          0.05986803658007069,
          -0.9699431187886257,
          -0.2358519970461176
        ],
        [
          0.0632355443573542,
          0.2394864342838376,
          -0.9688382288720044
        ]
      ],
      "translation": [
        -0.012148427407687035,
        -0.4277805464122616,
        -0.2793288679249457
      ],
      "center": [
        0.055376173924586616,
        -0.34750386874328854,
        -0.3705980804097696
      ],
      "matrix": [
        [
          0.996201327105057,
          0.043088213105299714,
          0.0756724637204041,
          -0.012148427407687035
        ],
        [
          0.05986803658007069,
          -0.9699431187886257,
          -0.2358519970461176,
          -0.4277805464122616
        ],
        [
          0.0632355443573542,
          0.2394864342838376,
          -0.9688382288720044,
          -0.2793288679249457
        ],
        [
          0.0,
          0.0,
          0.0,
          1.0
        ]
      ]
    },
    {
      "id": 15,
      "label": "IMG_2166",
      "rotation": [
        [
          0.9981841942892795,
          0.024094101115543082,
          0.055206780041011774
        ],
        [
          0.03745271673797051,
          -0.9660699873283574,
          -0.2555505304090231
        ],
        [
          0.04717635297485397,
          0.2571541441914201,
          -0.9652181814725468
        ]
      ],
      "translation": [
        -0.05281216036864819,
        -0.33321148833689473,
        -0.9458979040674549
      ],
      "center": [
        0.10981995263323541,
        -0.07739159077031017,
        -0.9952346380845932
      ],
      "matrix": [
        [
          0.9981841942892795,
          0.024094101115543082,
          0.055206780041011774,
          -0.05281216036864819
        ],
        [
          0.03745271673797051,
          -0.9660699873283574,
          -0.2555505304090231,
          -0.33321148833689473
        ],
        [
          0.04717635297485397,
          0.2571541441914201,
          -0.9652181814725468,
          -0.9458979040674549
        ],
        [
          0.0,
          0.0,
          0.0,
          1.0
        ]
      ]
    },
    {
      "id": 16,
      "label": "IMG_2167",
      "rotation": [
        [
          0.9982156563098257,
          0.010286735395563887,
          0.05881910040833664
        ],
        [
          0.0036045932601138906,
          -0.9936337529175027,
          0.11260094125054282
        ],
        [
          0.05960293956990272,
          -0.11218800353861691,
          -0.9918978482972154
        ]
      ],
      "translation": [
        -0.04757043950894686,
        -0.2956228488663268,
        -0.9424812271142983
      ],
      "center": [
        0.10472580924939076,
        -0.39898658348591165,
        -0.8987596397397308
      ],
      "matrix": [
        [
          0.9982156563098257,
          0.010286735395563887,
          0.05881910040833664,
          -0.04757043950894686
        ],
        [
          0.0036045932601138906,
          -0.9936337529175027,
          0.11260094125054282,
          -0.2956228488663268
        ],
        [
          0.05960293956990272,
          -0.11218800353861691,
          -0.9918978482972154,
          -0.9424812271142983
        ],
        [
          0.0,
          0.0,
          0.0,
          1.0
        ]
      ]
    },
    {
      "id": 17,
      "label": "IMG_2168",
      "rotation": [
        [
          0.997845664729939,
          0.013564498700036075,
          0.0641874890822458
        ],
        [
          0.021895297324770562,
          -0.9911506295413695,
          -0.13092373930959583
        ],
        [
          0.06184355532087885,
          0.13204708983829927,
          -0.9893123575143035
        ]
      ],
      "translation": [
        -0.06558129248251408,
        0.2546027122659976,
        -1.2062545994004987
      ],
      "center": [
        0.1344644793553951,
        0.4125216253569088,
        -1.1558195438719288
      ],
      "matrix": [
        [
          0.997845664729939,
          0.013564498700036075,
          0.0641874890822458,
          -0.06558129248251408
        ],
        [
          0.021895297324770562,
          -0.9911506295413695,
          -0.13092373930959583,
          0.2546027122659976
        ],
        [
          0.06184355532087885,
          0.13204708983829927,
          -0.9893123575143035,
          -1.2062545994004987
        ],
        [
          0.0,
          0.0,
          0.0,
          1.0
        ]
      ]
    },
    {
      "id": 18,
      "label": "IMG_2169",
      "rotation": [
        [
          0.9976893405881921,
          0.018620323658322804,
          0.06533959919954667
        ],
        [
          0.0038869357398960444,
          -0.97577893237662,
          0.21872440846987823
        ],
        [
          0.06782972362653424,
          -0.217965040033496,
          -0.9735966156041956
        ]
      ],
      "translation": [
        -0.057996620436927125,
        0.2283637986539044,
        -1.2196906410641384
      ],
      "center": [
        0.13970625368262607,
        -0.04193741992042461,
        -1.2336459410663894
      ],
      "matrix": [
        [
          0.9976893405881921,
          0.018620323658322804,
          0.06533959919954667,
          -0.057996620436927125
        ],
        [
          0.0038869357398960444,
          -0.97577893237662,
          0.21872440846987823,
          0.2283637986539044
        ],
        [
          0.06782972362653424,
          -0.217965040033496,
          -0.9735966156041956,
          -1.2196906410641384
        ],
        [
          0.0,
          0.0,
          0.0,
          1.0
        ]
      ]
    },
    {
      "id": 19,
      "label": "IMG_2170",
      "rotation": [
        [
          0.9966682965221041,
          0.000915922540756578,
          0.08155653127509861
        ],
        [
          -0.04068754550239188,
          -0.861046732043235,
          0.5068955009453684
        ],
        [
          0.07068826174632953,
          -0.5085250105192116,
          -0.858140713011402
        ]
      ],
      "translation": [
        -0.08260361890081673,
        0.21150526882675863,
        -1.4987396334952505
      ],
      "center": [
        0.1968773378879327,
        -0.5799550088390258,
        -1.3866037022722655
      ],
      "matrix": [
        [
          0.9966682965221041,
          0.000915922540756578,
          0.08155653127509861,
          -0.08260361890081673
        ],
        [
          -0.04068754550239188,
          -0.861046732043235,
          0.5068955009453684,
          0.21150526882675863
        ],
        [
          0.07068826174632953,
          -0.5085250105192116,
          -0.858140713011402,
          -1.4987396334952505
        ],
        [
          0.0,
          0.0,
          0.0,
          1.0
        ]
      ]
    },
    {
      "id": 20,
      "label": "IMG_2171",
      "rotation": [
        [
          0.9940985983336572,
          -0.014916630580195472,
          0.10744985306267954
        ],
        [
          -0.08821928687404469,
          -0.6875799192054852,
          0.7207296387195506
        ],
        [
          0.06312950351850116,
          -0.725955473040539,
          -0.6848381684368906
        ]
      ],
      "translation": [
        -0.0697814039898038,
        0.22077362226466626,
        -1.4737612466832064
      ],
      "center": [
        0.18188390322072534,
        -0.9191264370499633,
        -1.1609080443002031
      ],
      "matrix": [
        [
          0.9940985983336572,
          -0.014916630580195472,
          0.10744985306267954,
          -0.0697814039898038
        ],
        [
          -0.08821928687404469,
          -0.6875799192054852,
          0.7207296387195506,
          0.22077362226466626
        ],
        [
          0.06312950351850116,
          -0.725955473040539,
          -0.6848381684368906,
          -1.4737612466832064
        ],
        [
          0.0,
          0.0,
          0.0,
          1.0
        ]
      ]
    },
    {
      "id": 21,
      "label": "IMG_2172",
      "rotation": [
        [
          0.9973309977812985,
          -0.010424010192271502,
          0.07226493531492569
        ],
        [
          -0.05162532595391489,
          -0.8005768856836999,
          0.597002073555142
        ],
        [
          0.051630481159011324,
          -0.5991393745369259,
          -0.7989782871234925
        ]
      ],
      "translation": [
        -0.0989875260678729,
        0.47999155003205496,
        -1.8729437144965235
      ],
      "center": [
        0.2202040335299051,
        -0.7389160323477987,
        -1.775843984376948
      ],
      "matrix": [
        [
          0.9973309977812985,
          -0.010424010192271502,
          0.07226493531492569,
          -0.0989875260678729
        ],
        [
          -0.05162532595391489,
          -0.8005768856836999,
          0.597002073555142,
          0.47999155003205496
        ],
        [
          0.051630481159011324,
          -0.5991393745369259,
          -0.7989782871234925,
          -1.8729437144965235
        ],
        [
          0.0,
          0.0,
          0.0,
          1.0
        ]
      ]
    },
    {
      "id": 22,
      "label": "IMG_2173",
      "rotation": [
        [
          0.9971108645466022,
          0.005453699618158998,
          0.07576398196769532
        ],
        [
          -0.00988188258807656,
          -0.9796296513989106,
          0.20056942562754748
        ],
        [
          0.07531448864356603,
          -0.2007386441633093,
          -0.9767454758225576
        ]
      ],
      "translation": [
        -0.09511436254957777,
        0.460373037591269,
        -1.8814896640761385
      ],
      "center": [
        0.24109234851485073,
        0.07382611931778618,
        -1.922867030068287
      ],
      "matrix": [
        [
          0.9971108645466022,
          0.005453699618158998,
          0.07576398196769532,
          -0.09511436254957777
        ],
        [
          -0.00988188258807656,
          -0.9796296513989106,
          0.20056942562754748,
          0.460373037591269
        ],
        [
          0.07531448864356603,
          -0.2007386441633093,
          -0.9767454758225576,
          -1.8814896640761385
        ],
        [
          0.0,
          0.0,
          0.0,
          1.0
        ]
      ]
    },
    {
      "id": 23,
      "label": "IMG_2174",
      "rotation": [
        [
          0.9954216310282948,
          0.030612437688205707,
          0.09054642532841965
        ],
        [
          0.05772854190363524,
          -0.9475744078369691,
          -0.3142771978080794
        ],
        [
          0.07617868422760782,
          0.3180654339459168,
          -0.9450032739616019
        ]
      ],
      "translation": [
        -0.08783056370387068,
        0.45452750221388727,
        -1.9104901996190498
      ],
      "center": [
        0.20672786265505147,
        1.0410482308056999,
        -1.6546191202111047
      ],
      "matrix": [
        [
          0.9954216310282948,
          0.030612437688205707,
          0.09054642532841965,
          -0.08783056370387068
        ],
        [
          0.05772854190363524,
          -0.9475744078369691,
          -0.3142771978080794,
          0.45452750221388727
        ],
        [
          0.07617868422760782,
          0.3180654339459168,
          -0.9450032739616019,
          -1.9104901996190498
        ],
        [
          0.0,
          0.0,
          0.0,
          1.0
        ]
      ]
    },
    {
      "id": 24,
      "label": "IMG_2175",
      "rotation": [
        [
          0.9961737841519216,
          0.03593171470111817,
          0.07966620140987266
        ],
        [
          0.0787062581893519,
          -0.7650928240207964,
          -0.639091773968117
        ],
        [
          0.03798837572563513,
          0.642916699511314,
          -0.7649934645467288
        ]
      ],
      "translation": [
        -0.08131551369585013,
        0.45116418278239917,
        -1.9148116935727522
      ],
      "center": [
        0.11823552439207442,
        1.5791686987583782,
        -1.1700050154036887
      ],
      "matrix": [
        [
          0.9961737841519216,
          0.03593171470111817,
          0.07966620140987266,
          -0.08131551369585013
        ],
        [
          0.0787062581893519,
          -0.7650928240207964,
          -0.639091773968117,
          0.45116418278239917
        ],
        [
          0.03798837572563513,
          0.642916699511314,
          -0.7649934645467288,
          -1.9148116935727522
        ],
        [
          0.0,
          0.0,
          0.0,
          1.0
        ]
      ]
    },
    {
      "id": 25,
      "label": "IMG_2176",
      "rotation": [
        [
          0.9920717495245248,
          0.06554514987712942,
          0.10722628932744778
        ],
        [
          0.12423809348522821,
          -0.3829576791305034,
          -0.9153733184456133
        ],
        [
          -0.018935150448427782,
          0.921437599255947,
          -0.38806469918678804
        ]
      ],
      "translation": [
        -0.08734565927312611,
        0.3929696597799498,
        -1.8944841381728663
      ],
      "center": [
        0.001959017501400251,
        1.9018647493126846,
        -0.36610272474026156
      ],
      "matrix": [
        [
          0.9920717495245248,
          0.06554514987712942,
          0.10722628932744778,
          -0.08734565927312611
        ],
        [
          0.12423809348522821,
          -0.3829576791305034,
          -0.9153733184456133,
          0.3929696597799498
        ],
        [
          -0.018935150448427782,
          0.921437599255947,
          -0.38806469918678804,
          -1.8944841381728663
        ],
        [
          0.0,
          0.0,
          0.0,
          1.0
        ]
      ]
    },
    {
      "id": 26,
      "label": "IMG_2177",
      "rotation": [
        [
          0.9968092531397,
          0.04935714123578477,
          0.06273105661556573
        ],
        [
          0.07494220628160592,
          -0.30817469549817705,
          -0.9483733562117042
        ],
        [
          -0.027476873416015422,
          0.9500485406881255,
          -0.31089032111605464
        ]
      ],
      "translation": [
        -0.14153045717095594,
        0.7850567864685194,
        -2.184444966458033
      ],
      "center": [
        0.02222326384718304,
        2.324248927479441,
        0.07428249743905589
      ],
      "matrix": [
        [
          0.9968092531397,
          0.04935714123578477,
          0.06273105661556573,
          -0.14153045717095594
        ],
        [
          0.07494220628160592,
          -0.30817469549817705,
          -0.9483733562117042,
          0.7850567864685194
        ],
        [
          -0.027476873416015422,
          0.9500485406881255,
          -0.31089032111605464,
          -2.184444966458033
        ],
        [
          0.0,
          0.0,
          0.0,
          1.0
        ]
      ]
    },
    {
      "id": 27,
      "label": "IMG_2178",
      "rotation": [
        [
          0.9953751790084651,
          0.04145660727394552,
          0.08665796401485673
        ],
        [
          0.08305798531135468,
          0.08184335967564263,
          -0.9931782496375072
        ],
        [
          -0.04826617956587357,
          0.9957826139225056,
          0.07802154650977869
        ]
      ],
      "translation": [
        -0.12927653808537598,
        0.7839415139408383,
        -2.1549249544265
      ],
      "center": [
        -0.04044394031286489,
        2.087035763304669,
        0.957927079776177
      ],
      "matrix": [
        [
          0.9953751790084651,
          0.04145660727394552,
          0.08665796401485673,
          -0.12927653808537598
        ],
        [
          0.08305798531135468,
          0.08184335967564263,
          -0.9931782496375072,
          0.7839415139408383
        ],
        [
          -0.04826617956587357,
          0.9957826139225056,
          0.07802154650977869,
          -2.1549249544265
        ],
        [
          0.0,
          0.0,
          0.0,
          1.0
        ]
      ]
    },
    {
      "id": 28,
      "label": "IMG_2179",
      "rotation": [
        [
          0.9984089431284309,
          0.02909722078766027,
          0.048300455728724656
        ],
        [
          0.03435113697131483,
          -0.9931394034609905,
          -0.11177712056555311
        ],
        [
          0.04471668223321475,
          0.11325845238030724,
          -0.9925587848054499
        ]
      ],
      "translation": [
        -0.1450310183360535,
        0.7612591343893614,
        -2.2168843720454894
      ],
      "center": [
        0.21778186295420368,
        1.0113373352522252,
        -2.108291640044963
      ],
      "matrix": [
        [
          0.9984089431284309,
          0.02909722078766027,
          0.048300455728724656,
          -0.1450310183360535
        ],
        [
          0.03435113697131483,
          -0.9931394034609905,
          -0.11177712056555311,
          0.7612591343893614
        ],
        [
          0.04471668223321475,
          0.11325845238030724,
          -0.9925587848054499,
          -2.2168843720454894
        ],
        [
          0.0,
          0.0,
          0.0,
          1.0
        ]
      ]
    },
    {
      "id": 29,
      "label": "IMG_2180",
      "rotation": [
        [
          0.9961888820078544,
          -0.02070746752499172,
          0.08472846129041568
        ],
        [
          -0.0632751904706997,
          -0.8401711314080986,
          0.5386174154437755
        ],
        [
          0.06003300454613888,
          -0.5419258904473353,
          -0.8382794090445176
        ]
      ],
      "translation": [
        -0.14779984890496203,
        0.9303314033152195,
        -2.120343598176476
      ],
      "center": [
        0.33339405985591264,
        -0.37049206535965984,
        -2.266010220633853
      ],
      "matrix": [
        [
          0.9961888820078544,
          -0.02070746752499172,
          0.08472846129041568,
          -0.14779984890496203
        ],
        [
          -0.0632751904706997,
          -0.8401711314080986,
          0.5386174154437755,
          0.9303314033152195
        ],
        [
          0.06003300454613888,
          -0.5419258904473353,
          -0.8382794090445176,
          -2.120343598176476
        ],
        [
          0.0,
          0.0,
          0.0,
          1.0
        ]
      ]
    },
    {
      "id": 31,
      "label": "IMG_2182",
      "rotation": [
        [
          0.996417133021755,
          0.06371035370257956,
          0.055622727834929456
        ],
        [
          0.06801950923344317,
          -0.21282634093291164,
          -0.9747195981248914
        ],
        [
          -0.05026174871955776,
          0.9750107381132785,
          -0.216397359455821
        ]
      ],
      "translation": [
        -0.1731734029023615,
        1.1373620601812588,
        -2.327200954419923
      ],
      "center": [
        -0.021779053109643946,
        2.5221394646419797,
        0.6146413258207241
      ],
      "matrix": [
        [
          0.996417133021755,
          0.06371035370257956,
          0.055622727834929456,
          -0.1731734029023615
        ],
        [
          0.06801950923344317,
          -0.21282634093291164,
          -0.9747195981248914,
          1.1373620601812588
        ],
        [
          -0.05026174871955776,
          0.9750107381132785,
          -0.216397359455821,
          -2.327200954419923
        ],
        [
          0.0,
          0.0,
          0.0,
          1.0
        ]
      ]
    },
    {
      "id": 32,
      "label": "IMG_2183",
      "rotation": [
        [
          0.9950178502330176,
          0.07211613925870203,
          0.06883850794492133
        ],
        [
          0.08622263344273629,
          -0.2758299496234466,
          -0.9573314454111109
        ],
        [
          -0.05005132565540129,
          0.958497314210711,
          -0.28067376694481166
        ]
      ],
      "translation": [
        -0.16389901364635184,
        1.1318836855642502,
        -2.331850912831994
      ],
      "center": [
        -0.051223777324513615,
        2.5591000211505337,
        0.44038102863328465
      ],
      "matrix": [
        [
          0.9950178502330176,
          0.07211613925870203,
          0.06883850794492133,
          -0.16389901364635184
        ],
        [
          0.08622263344273629,
          -0.2758299496234466,
          -0.9573314454111109,
          1.1318836855642502
        ],
        [
          -0.05005132565540129,
          0.958497314210711,
          -0.28067376694481166,
          -2.331850912831994
        ],
        [
          0.0,
          0.0,
          0.0,
          1.0
        ]
      ]
    }
  ],
  "metadata": {
    "total_cameras": 32,
    "description": "Camera poses for virtual tour navigation",
    "coordinate_system": "Right-handed, Y-up (Three.js compatible)"
  }
}