{
  "cameras": [
    {
      "id": 0,
      "label": "IMG_2151",
      "rotation": [
        [
          0.9960378346364591,
          -0.07107367368879602,
          0.053452454397263004
        ],
        [
          -0.0886764709450971,
          -0.7483672342048754,
          0.6573301805556075
        ],
        [
          -0.006716805299864687,
          -0.6594657047011038,
          -0.7517046420301259
        ]
      ],
      "translation": [
        0.05853622226363927,
        -0.2545657069738259,
        0.9698247696069232
      ],
      "center": [
        -0.07436415643692049,
        0.45321792543414513,
        0.8932265986465571
      ],
      "matrix": [
        [
          0.9960378346364591,
          -0.07107367368879602,
          0.053452454397263004,
          0.05853622226363927
        ],
        [
          -0.0886764709450971,
          -0.7483672342048754,
          0.6573301805556075,
          -0.2545657069738259
        ],
        [
          -0.006716805299864687,
          -0.6594657047011038,
          -0.7517046420301259,
          0.9698247696069232
        ],
        [
          0.0,
          0.0,
          0.0,
          1.0
        ]
      ]
    },
    {
      "id": 1,
      "label": "IMG_2152",
      "rotation": [
        [
          0.9967212469721067,
          -0.06897744540709466,
          0.042295009864999226
        ],
        [
          -0.08091198517093758,
          -0.8502242105563692,
          0.520165399117912
        ],
        [
          8.056095262744103e-05,
          -0.5218820784515502,
          -0.8530176373915271
        ]
      ],
      "translation": [
        0.06873487832718049,
        -0.26668121135163425,
        0.949430429243024
      ],
      "center": [
        -0.09016370687482778,
        0.2734930596842138,
        0.9456920980035614
      ],
      "matrix": [
        [
          0.9967212469721067,
          -0.06897744540709466,
          0.042295009864999226,
          0.06873487832718049
        ],
        [
          -0.08091198517093758,
          -0.8502242105563692,
          0.520165399117912,
          -0.26668121135163425
        ],
        [
          8.056095262744103e-05,
          -0.5218820784515502,
          -0.8530176373915271,
          0.949430429243024
        ],
        [
          0.0,
          0.0,
          0.0,
          1.0
        ]
      ]
    },
    {
      "id": 2,
      "label": "IMG_2153",
      "rotation": [
        [
          0.9985444455025592,
          -0.04225039381066262,
          0.03352453696669273
        ],
        [
          -0.05075577054179979,
          -0.9463593672200606,
          0.31910468475337944
        ],
        [
          0.018243960992487252,
          -0.3203417742001337,
          -0.9471263408804627
        ]
      ],
      "translation": [
        0.0759290710403649,
        -0.2845828940608092,
        0.9382602620350373
      ],
      "center": [
        -0.10738035983196544,
        0.03445430260987842,
        0.9769172565213285
      ],
      "matrix": [
        [
          0.9985444455025592,
          -0.04225039381066262,
          0.03352453696669273,
          0.0759290710403649
        ],
        [
          -0.05075577054179979,
          -0.9463593672200606,
          0.31910468475337944,
          -0.2845828940608092
        ],
        [
          0.018243960992487252,
          -0.3203417742001337,
          -0.9471263408804627,
          0.9382602620350373
        ],
        [
          0.0,
          0.0,
          0.0,
          1.0
        ]
      ]
    },
    {
      "id": 3,
      "label": "IMG_2154",
      "rotation": [
        [
          0.998633068044396,
          -0.044686791021466776,
          0.0271124716032911
        ],
        [
          -0.0481246524287415,
          -0.9885058832857135,
          0.14331830496536754
        ],
        [
          0.020396402546731852,
          -0.14442717686687961,
          -0.9893051992916114
        ]
      ],
      "translation": [
        0.08797879190600941,
        -0.2759519750854338,
        0.9294953930459594
      ],
      "center": [
        -0.120096985973847,
        -0.13460426545964044,
        0.9567182718818138
      ],
      "matrix": [
        [
          0.998633068044396,
          -0.044686791021466776,
          0.0271124716032911,
          0.08797879190600941
        ],
        [
          -0.0481246524287415,
          -0.9885058832857135,
          0.14331830496536754,
          -0.2759519750854338
        ],
        [
          0.020396402546731852,
          -0.14442717686687961,
          -0.9893051992916114,
          0.9294953930459594
        ],
        [
          0.0,
          0.0,
          0.0,
          1.0
        ]
      ]
    },
    {
      "id": 4,
      "label": "IMG_2155",
      "rotation": [
        [
          0.9999991099983634,
          0.00017140968967641388,
          -0.0013231104260050183
        ],
        [
          0.00018115722530210522,
          -0.9999728208204137,
          0.0073705361083488685
        ],
        [
          -0.0013218110836420568,
          -0.007370769239573194,
          -0.9999719618950703
        ]
      ],
      "translation": [
        0.010389639425318674,
        0.017873020290569377,
        -0.0107115665644358
      ],
      "center": [
        -0.010407026672694228,
        0.017791801146330624,
        -0.010829253333579328
      ],
      "matrix": [
        [
          0.9999991099983634,
          0.00017140968967641388,
          -0.0013231104260050183,
          0.010389639425318674
        ],
        [
          0.00018115722530210522,
          -0.9999728208204137,
          0.0073705361083488685,
          0.017873020290569377
        ],
        [
          -0.0013218110836420568,
          -0.007370769239573194,
          -0.9999719618950703,
          -0.0107115665644358
        ],
        [
          0.0,
          0.0,
          0.0,
          1.0
        ]
      ]
    },
    {
      "id": 5,
      "label": "IMG_2156",
      "rotation": [
        [
          0.9989085998658318,
          -0.04667254590834718,
          -0.0018117871058241164
        ],
        [
          -0.04561048389965348,
          -0.9830673511431517,
          0.17747751089877598
        ],
        [
          -0.010064436026080146,
          -0.1772011754329493,
          -0.984123188707927
        ]
      ],
      "translation": [
        0.012891162238909923,
        0.2153495372674219,
        -0.24373680410140972
      ],
      "center": [
        -0.005507969692459085,
        0.16911431434975505,
        -0.2780633846636604
      ],
      "matrix": [
        [
          0.9989085998658318,
          -0.04667254590834718,
          -0.0018117871058241164,
          0.012891162238909923
        ],
        [
          -0.04561048389965348,
          -0.9830673511431517,
          0.17747751089877598,
          0.2153495372674219
        ],
        [
          -0.010064436026080146,
          -0.1772011754329493,
          -0.984123188707927,
          -0.24373680410140972
        ],
        [
          0.0,
          0.0,
          0.0,
          1.0
        ]
      ]
    },
    {
      "id": 6,
      "label": "IMG_2157",
      "rotation": [
        [
          0.9975394412088987,
          -0.059739863423514325,
          0.03669076110927333
        ],
        [
          -0.06975754545118043,
          -0.7935509506606745,
          0.6044921617011807
        ],
        [
          -0.006996290821885921,
          -0.6055642306342736,
          -0.7957656781308527
        ]
      ],
      "translation": [
        0.031656323580412024,
        0.35861261654803617,
        -0.12143467513444858
      ],
      "center": [
        -0.007412087740017763,
        0.21293203160767513,
        -0.31457355700349005
      ],
      "matrix": [
        [
          0.9975394412088987,
          -0.059739863423514325,
          0.03669076110927333,
          0.031656323580412024
        ],
        [
          -0.06975754545118043,
          -0.7935509506606745,
          0.6044921617011807,
          0.35861261654803617
        ],
        [
          -0.006996290821885921,
          -0.6055642306342736,
          -0.7957656781308527,
          -0.12143467513444858
        ],
        [
          0.0,
          0.0,
          0.0,
          1.0
        ]
      ]
    },
    {
      "id": 7,
      "label": "IMG_2158",
      "rotation": [
        [
          0.9962043840029708,
          -0.07390414327256893,
          0.04598916068389632
        ],
        [
          -0.086762100540737,
          -0.8005042870131258,
          0.5930136797607338
        ],
        [
          -0.007011647668036073,
          -0.5947529437344171,
          -0.8038779588446399
        ]
      ],
      "translation": [
        0.09424370186643018,
        1.4122926693323399,
        0.49070638326112354
      ],
      "center": [
        0.032088149873434876,
        1.4293604023168451,
        -0.4473750157204731
      ],
      "matrix": [
        [
          0.9962043840029708,
          -0.07390414327256893,
          0.04598916068389632,
          0.09424370186643018
        ],
        [
          -0.086762100540737,
          -0.8005042870131258,
          0.5930136797607338,
          1.4122926693323399
        ],
        [
          -0.007011647668036073,
          -0.5947529437344171,
          -0.8038779588446399,
          0.49070638326112354
        ],
        [
          0.0,
          0.0,
          0.0,
          1.0
        ]
      ]
    },
    {
      "id": 8,
      "label": "IMG_2159",
      "rotation": [
        [
          0.9981842631235867,
          -0.04884847153362763,
          0.03524207260151841
        ],
        [
          -0.05946493207838259,
          -0.8923788018261383,
          0.4473522056548505
        ],
        [
          0.009596807038576271,
          -0.44863559921184876,
          -0.8936632477698129
        ]
      ],
      "translation": [
        0.13270350033696632,
        2.3195399973685134,
        0.5936304705635073
      ],
      "center": [
        -0.00022821437938219408,
        2.3427144486698115,
        -0.5118223460218955
      ],
      "matrix": [
        [
          0.9981842631235867,
          -0.04884847153362763,
          0.03524207260151841,
          0.13270350033696632
        ],
        [
          -0.05946493207838259,
          -0.8923788018261383,
          0.4473522056548505,
          2.3195399973685134
        ],
        [
          0.009596807038576271,
          -0.44863559921184876,
          -0.8936632477698129,
          0.5936304705635073
        ],
        [
          0.0,
          0.0,
          0.0,
          1.0
        ]
      ]
    },
    {
      "id": 9,
      "label": "IMG_2160",
      "rotation": [
        [
          0.9981500495951252,
          -0.0368643545059206,
          0.048347676884316966
        ],
        [
          -0.038818097853707816,
          -0.998440802315335,
          0.04011383241389352
        ],
        [
          0.046793522759763166,
          -0.04191638866567368,
          -0.998024740469373
        ]
      ],
      "translation": [
        0.1724244720340242,
        3.210424385275882,
        0.5589355427433207
      ],
      "center": [
        -0.07363749041320573,
        3.235203575318815,
        0.42071275155622695
      ],
      "matrix": [
        [
          0.9981500495951252,
          -0.0368643545059206,
          0.048347676884316966,
          0.1724244720340242
        ],
        [
          -0.038818097853707816,
          -0.998440802315335,
          0.04011383241389352,
          3.210424385275882
        ],
        [
          0.046793522759763166,
          -0.04191638866567368,
          -0.998024740469373,
          0.5589355427433207
        ],
        [
          0.0,
          0.0,
          0.0,
          1.0
        ]
      ]
    },
    {
      "id": 10,
      "label": "IMG_2161",
      "rotation": [
        [
          0.9971466476955018,
          -0.05241081912125907,
          0.05432926493761885
        ],
        [
          -0.05084459232059438,
          -0.9982612441445001,
          -0.029821399545081007
        ],
        [
          0.0557977635875836,
          0.026973959259134983,
          -0.9980776598544376
        ]
      ],
      "translation": [
        0.18254128395552596,
        3.9087275365160483,
        0.09502884991337307
      ],
      "center": [
        0.011414831422687882,
        3.9089350475139275,
        0.2014925639414304
      ],
      "matrix": [
        [
          0.9971466476955018,
          -0.05241081912125907,
          0.05432926493761885,
          0.18254128395552596
        ],
        [
          -0.05084459232059438,
          -0.9982612441445001,
          -0.029821399545081007,
          3.9087275365160483
        ],
        [
          0.0557977635875836,
          0.026973959259134983,
          -0.9980776598544376,
          0.09502884991337307
        ],
        [
          0.0,
          0.0,
          0.0,
          1.0
        ]
      ]
    },
    {
      "id": 11,
      "label": "IMG_2162",
      "rotation": [
        [
          0.9940646867262088,
          -0.039758640209070155,
          0.10126524148319833
        ],
        [
          -0.09452288350396824,
          -0.7764731973653748,
          0.62302070452537
        ],
        [
          0.05385928980241016,
          -0.6288947640916713,
          -0.775622687007066
        ]
      ],
      "translation": [
        0.016582210194240134,
        1.0687559297090132,
        -0.5391403264967756
      ],
      "center": [
        0.11357581774505074,
        0.4914570916288488,
        -1.085705742523917
      ],
      "matrix": [
        [
          0.9940646867262088,
          -0.039758640209070155,
          0.10126524148319833,
          0.016582210194240134
        ],
        [
          -0.09452288350396824,
          -0.7764731973653748,
          0.62302070452537,
          1.0687559297090132
        ],
        [
          0.05385928980241016,
          -0.6288947640916713,
          -0.775622687007066,
          -0.5391403264967756
        ],
        [
          0.0,
          0.0,
          0.0,
          1.0
        ]
      ]
    },
    {
      "id": 12,
      "label": "IMG_2163",
      "rotation": [
        [
          0.9985326925206939,
          -0.038661566377541354,
          0.03791761137794453
        ],
        [
          -0.042526697018577836,
          -0.9933405672556674,
          0.10707939804125866
        ],
        [
          0.033525244340108076,
          -0.1085347904103715,
          -0.9935271799314365
        ]
      ],
      "translation": [
        0.015145395525000509,
        1.0205759444006195,
        -0.5845590417983721
      ],
      "center": [
        0.04787603610661434,
        0.9509200391687298,
        -0.690632231304849
      ],
      "matrix": [
        [
          0.9985326925206939,
          -0.038661566377541354,
          0.03791761137794453,
          0.015145395525000509
        ],
        [
          -0.042526697018577836,
          -0.9933405672556674,
          0.10707939804125866,
          1.0205759444006195
        ],
        [
          0.033525244340108076,
          -0.1085347904103715,
          -0.9935271799314365,
          -0.5845590417983721
        ],
        [
          0.0,
          0.0,
          0.0,
          1.0
        ]
      ]
    },
    {
      "id": 13,
      "label": "IMG_2164",
      "rotation": [
        [
          0.999097495409637,
          -0.02226147851917356,
          0.036174870287680336
        ],
        [
          -0.022123355400591502,
          -0.9997463672300136,
          -0.004214066469684807
        ],
        [
          0.036259506505318596,
          0.0034099537434065796,
          -0.9993365901454122
        ]
      ],
      "translation": [
        -0.03425047838361717,
        0.3110232880995033,
        -1.080785308605615
      ],
      "center": [
        0.08028918783837777,
        0.31386736402150256,
        -1.0775186255587028
      ],
      "matrix": [
        [
          0.999097495409637,
          -0.02226147851917356,
          0.036174870287680336,
          -0.03425047838361717
        ],
        [
          -0.022123355400591502,
          -0.9997463672300136,
          -0.004214066469684807,
          0.3110232880995033
        ],
        [
          0.036259506505318596,
          0.0034099537434065796,
          -0.9993365901454122,
          -1.080785308605615
        ],
        [
          0.0,
          0.0,
          0.0,
          1.0
        ]
      ]
    },
    {
      "id": 14,
      "label": "IMG_2165",
      "rotation": [
        [
          0.9980627539686273,
          -0.0025818567356615464,
          0.062161669510694476
        ],
        [
          0.0017861931474055215,
          -0.9975375797409443,
          -0.0701112438815577
        ],
        [
          0.06218961854361583,
          0.07008645390070525,
          -0.9956004923286367
        ]
      ],
      "translation": [
        -0.044100121631517324,
        -0.4443370089875282,
        -0.8558480340362968
      ],
      "center": [
        0.09803322333451664,
        -0.3833733709473328,
        -0.8804944072615196
      ],
      "matrix": [
        [
          0.9980627539686273,
          -0.0025818567356615464,
          0.062161669510694476,
          -0.044100121631517324
        ],
        [
          0.0017861931474055215,
          -0.9975375797409443,
          -0.0701112438815577,
          -0.4443370089875282
        ],
        [
          0.06218961854361583,
          0.07008645390070525,
          -0.9956004923286367,
          -0.8558480340362968
        ],
        [
          0.0,
          0.0,
          0.0,
          1.0
        ]
      ]
    },
    {
      "id": 15,
      "label": "IMG_2166",
      "rotation": [
        [
          0.9989359832826255,
          -0.02143887343755974,
          0.04083229125218198
        ],
        [
          -0.017730129422706985,
          -0.9958631933679959,
          -0.08911869952793974
        ],
        [
          0.042573980479029466,
          0.08829991393328485,
          -0.9951836922827593
        ]
      ],
      "translation": [
        -0.10859842186302697,
        -0.07916873966981552,
        -1.9777007137483225
      ],
      "center": [
        0.19127779090658953,
        0.09346134108543071,
        -1.9707965912699055
      ],
      "matrix": [
        [
          0.9989359832826255,
          -0.02143887343755974,
          0.04083229125218198,
          -0.10859842186302697
        ],
        [
          -0.017730129422706985,
          -0.9958631933679959,
          -0.08911869952793974,
          -0.07916873966981552
        ],
        [
          0.042573980479029466,
          0.08829991393328485,
          -0.9951836922827593,
          -1.9777007137483225
        ],
        [
          0.0,
          0.0,
          0.0,
          1.0
        ]
      ]
    },
    {
      "id": 16,
      "label": "IMG_2167",
      "rotation": [
        [
          0.9973796304925449,
          -0.036961703341014535,
          0.06219087686056296
        ],
        [
          -0.05285158460153142,
          -0.9592772947932547,
          0.2774775336837951
        ],
        [
          0.049402253831804493,
          -0.28003732640536577,
          -0.9587171184119287
        ]
      ],
      "translation": [
        -0.09788797764680698,
        -0.015759329543375937,
        -1.9591618826704769
      ],
      "center": [
        0.19358558206169257,
        -0.5673741290209015,
        -1.8678214355981606
      ],
      "matrix": [
        [
          0.9973796304925449,
          -0.036961703341014535,
          0.06219087686056296,
          -0.09788797764680698
        ],
        [
          -0.05285158460153142,
          -0.9592772947932547,
          0.2774775336837951,
          -0.015759329543375937
        ],
        [
          0.049402253831804493,
          -0.28003732640536577,
          -0.9587171184119287,
          -1.9591618826704769
        ],
        [
          0.0,
          0.0,
          0.0,
          1.0
        ]
      ]
    },
    {
      "id": 17,
      "label": "IMG_2168",
      "rotation": [
        [
          0.9978839492310223,
          -0.03333324628329724,
          0.05582578758348361
        ],
        [
          -0.03545239553894237,
          -0.9986709335541485,
          0.03740981321304382
        ],
        [
          0.05450460088515067,
          -0.039309810051710414,
          -0.9977394385890781
        ]
      ],
      "translation": [
        -0.08291892694385516,
        1.0132484887496163,
        -2.2511056080677525
      ],
      "center": [
        0.24136116520517706,
        0.9206473233090597,
        -2.2792932678985487
      ],
      "matrix": [
        [
          0.9978839492310223,
          -0.03333324628329724,
          0.05582578758348361,
          -0.08291892694385516
        ],
        [
          -0.03545239553894237,
          -0.9986709335541485,
          0.03740981321304382,
          1.0132484887496163
        ],
        [
          0.05450460088515067,
          -0.039309810051710414,
          -0.9977394385890781,
          -2.2511056080677525
        ],
        [
          0.0,
          0.0,
          0.0,
          1.0
        ]
      ]
    },
    {
      "id": 18,
      "label": "IMG_2169",
      "rotation": [
        [
          0.9968634177982063,
          -0.02810803822206869,
          0.07398151419770747
        ],
        [
          -0.054137812661462135,
          -0.9240579609365006,
          0.37839923634979666
        ],
        [
          0.057727146958006646,
          -0.3812175533959361,
          -0.922681284890349
        ]
      ],
      "translation": [
        -0.07357567266911415,
        0.9717055055388795,
        -2.2808224437895794
      ],
      "center": [
        0.25761627954247135,
        0.026354588507427112,
        -2.466721564623144
      ],
      "matrix": [
        [
          0.9968634177982063,
          -0.02810803822206869,
          0.07398151419770747,
          -0.07357567266911415
        ],
        [
          -0.054137812661462135,
          -0.9240579609365006,
          0.37839923634979666,
          0.9717055055388795
        ],
        [
          0.057727146958006646,
          -0.3812175533959361,
          -0.922681284890349,
          -2.2808224437895794
        ],
        [
          0.0,
          0.0,
          0.0,
          1.0
        ]
      ]
    },
    {
      "id": 19,
      "label": "IMG_2170",
      "rotation": [
        [
          0.9937273449579642,
          -0.04056986562865564,
          0.1042115631092243
        ],
        [
          -0.09832975461578593,
          -0.7608443892535628,
          0.6414414039478373
        ],
        [
          0.053265591520176896,
          -0.647664960719851,
          -0.7600610997911678
        ]
      ],
      "translation": [
        -0.11915150535070121,
        1.0278728798485428,
        -2.7670636821829984
      ],
      "center": [
        0.3668638809171016,
        -1.0149128380932426,
        -2.7500407239827505
      ],
      "matrix": [
        [
          0.9937273449579642,
          -0.04056986562865564,
          0.1042115631092243,
          -0.11915150535070121
        ],
        [
          -0.09832975461578593,
          -0.7608443892535628,
          0.6414414039478373,
          1.0278728798485428
        ],
        [
          0.053265591520176896,
          -0.647664960719851,
          -0.7600610997911678,
          -2.7670636821829984
        ],
        [
          0.0,
          0.0,
          0.0,
          1.0
        ]
      ]
    },
    {
      "id": 20,
      "label": "IMG_2171",
      "rotation": [
        [
          0.9889016383528586,
          -0.048245552241421394,
          0.14052016350671137
        ],
        [
          -0.1436291202094817,
          -0.552368957628811,
          0.8211328823496902
        ],
        [
          0.038002966869481375,
          -0.8322024401171753,
          -0.5531680333968481
        ]
      ],
      "translation": [
        -0.09641884184921126,
        1.0344889814141442,
        -2.720800483577588
      ],
      "center": [
        0.34732998357555456,
        -1.6974889814345313,
        -2.34096398041162
      ],
      "matrix": [
        [
          0.9889016383528586,
          -0.048245552241421394,
          0.14052016350671137,
          -0.09641884184921126
        ],
        [
          -0.1436291202094817,
          -0.552368957628811,
          0.8211328823496902,
          1.0344889814141442
        ],
        [
          0.038002966869481375,
          -0.8322024401171753,
          -0.5531680333968481,
          -2.720800483577588
        ],
        [
          0.0,
          0.0,
          0.0,
          1.0
        ]
      ]
    },
    {
      "id": 21,
      "label": "IMG_2172",
      "rotation": [
        [
          0.9938797781244497,
          -0.04901525107602894,
          0.09899743328616817
        ],
        [
          -0.10557684417780769,
          -0.6851623295154888,
          0.720698350342474
        ],
        [
          0.032504101414289,
          -0.7267393531210912,
          -0.686143859563275
        ]
      ],
      "translation": [
        -0.12463534229556401,
        1.6034861062598933,
        -3.334027640822996
      ],
      "center": [
        0.4015331216844137,
        -1.3304298476643566,
        -3.4309138059595083
      ],
      "matrix": [
        [
          0.9938797781244497,
          -0.04901525107602894,
          0.09899743328616817,
          -0.12463534229556401
        ],
        [
          -0.10557684417780769,
          -0.6851623295154888,
          0.720698350342474,
          1.6034861062598933
        ],
        [
          0.032504101414289,
          -0.7267393531210912,
          -0.686143859563275,
          -3.334027640822996
        ],
        [
          0.0,
          0.0,
          0.0,
          1.0
        ]
      ]
    },
    {
      "id": 22,
      "label": "IMG_2173",
      "rotation": [
        [
          0.9955551979736383,
          -0.04146477901748731,
          0.08456074673688604
        ],
        [
          -0.06940982635095268,
          -0.9299025937738934,
          0.3611972343450545
        ],
        [
          0.06365629421824238,
          -0.3654611308930358,
          -0.9286474239520529
        ]
      ],
      "translation": [
        -0.12289092961189924,
        1.570752483311317,
        -3.3551177297303165
      ],
      "center": [
        0.4449447222064595,
        0.22938604338185065,
        -3.6726811408074203
      ],
      "matrix": [
        [
          0.9955551979736383,
          -0.04146477901748731,
          0.08456074673688604,
          -0.12289092961189924
        ],
        [
          -0.06940982635095268,
          -0.9299025937738934,
          0.3611972343450545,
          1.570752483311317
        ],
        [
          0.06365629421824238,
          -0.3654611308930358,
          -0.9286474239520529,
          -3.3551177297303165
        ],
        [
          0.0,
          0.0,
          0.0,
          1.0
        ]
      ]
    },
    {
      "id": 23,
      "label": "IMG_2174",
      "rotation": [
        [
          0.9972357302828174,
          -0.014206128432881448,
          0.07293205167993297
        ],
        [
          -0.002966211887853192,
          -0.9883815437699206,
          -0.15196422448071284
        ],
        [
          0.07424351711989602,
          0.15132782245818704,
          -0.9856915289864934
        ]
      ],
      "translation": [
        -0.1041053027202697,
        1.5710037135439734,
        -3.407834700489443
      ],
      "center": [
        0.3614870914031013,
        2.0669723468823977,
        -3.1127448221554883
      ],
      "matrix": [
        [
          0.9972357302828174,
          -0.014206128432881448,
          0.07293205167993297,
          -0.1041053027202697
        ],
        [
          -0.002966211887853192,
          -0.9883815437699206,
          -0.15196422448071284,
          1.5710037135439734
        ],
        [
          0.07424351711989602,
          0.15132782245818704,
          -0.9856915289864934,
          -3.407834700489443
        ],
        [
          0.0,
          0.0,
          0.0,
          1.0
        ]
      ]
    },
    {
      "id": 24,
      "label": "IMG_2175",
      "rotation": [
        [
          0.9989574455952817,
          0.0003825055253699472,
          0.04564948607896474
        ],
        [
          0.023288494025656734,
          -0.8643305274861766,
          -0.50238469851448
        ],
        [
          0.03926407945906136,
          0.5029240429180044,
          -0.8634383238652555
        ]
      ],
      "translation": [
        -0.08905298625331999,
        1.5673648762649743,
        -3.4189625985957575
      ],
      "center": [
        0.18670099525214995,
        3.0742338661959283,
        -2.160577981608694
      ],
      "matrix": [
        [
          0.9989574455952817,
          0.0003825055253699472,
          0.04564948607896474,
          -0.08905298625331999
        ],
        [
          0.023288494025656734,
          -0.8643305274861766,
          -0.50238469851448,
          1.5673648762649743
        ],
        [
          0.03926407945906136,
          0.5029240429180044,
          -0.8634383238652555,
          -3.4189625985957575
        ],
        [
          0.0,
          0.0,
          0.0,
          1.0
        ]
      ]
    },
    {
      "id": 25,
      "label": "IMG_2176",
      "rotation": [
        [
          0.9969681877429288,
          0.049312037113188614,
          0.06018933148264495
        ],
        [
          0.07728761149684733,
          -0.5380781122297581,
          -0.8393441310025179
        ],
        [
          -0.00900320707818046,
          0.8414512868461297,
          -0.5402579699803604
        ]
      ],
      "translation": [
        -0.10273452527890432,
        1.4581061011880985,
        -3.399845930783057
      ],
      "center": [
        -0.040880001332618224,
        3.6504457606173246,
        -0.6067575400029248
      ],
      "matrix": [
        [
          0.9969681877429288,
          0.049312037113188614,
          0.06018933148264495,
          -0.10273452527890432
        ],
        [
          0.07728761149684733,
          -0.5380781122297581,
          -0.8393441310025179,
          1.4581061011880985
        ],
        [
          -0.00900320707818046,
          0.8414512868461297,
          -0.5402579699803604,
          -3.399845930783057
        ],
        [
          0.0,
          0.0,
          0.0,
          1.0
        ]
      ]
    },
    {
      "id": 26,
      "label": "IMG_2177",
      "rotation": [
        [
          0.9992144454794654,
          0.036776317605429584,
          0.014764633708605222
        ],
        [
          0.030274459833522636,
          -0.4679686580597185,
          -0.8832263538615539
        ],
        [
          -0.02557242708373877,
          0.8829795227167905,
          -0.4687144263150816
        ]
      ],
      "translation": [
        -0.16683823358501695,
        2.228179710154693,
        -3.7839878494489634
      ],
      "center": [
        0.00248448255369077,
        4.390037750016616,
        0.19684065251798688
      ],
      "matrix": [
        [
          0.9992144454794654,
          0.036776317605429584,
          0.014764633708605222,
          -0.16683823358501695
        ],
        [
          0.030274459833522636,
          -0.4679686580597185,
          -0.8832263538615539,
          2.228179710154693
        ],
        [
          -0.02557242708373877,
          0.8829795227167905,
          -0.4687144263150816,
          -3.7839878494489634
        ],
        [
          0.0,
          0.0,
          0.0,
          1.0
        ]
      ]
    },
    {
      "id": 27,
      "label": "IMG_2178",
      "rotation": [
        [
          0.9981801164704756,
          0.048237944542696386,
          0.03618778508397981
        ],
        [
          0.040474840242673706,
          -0.09108162520862902,
          -0.9950205650420924
        ],
        [
          -0.04470170455719342,
          0.9946744383242441,
          -0.09286829035807018
        ]
      ],
      "translation": [
        -0.14100997831260742,
        2.2157068561235014,
        -3.736151670915088
      ],
      "center": [
        -0.11593937262472863,
        3.924866777717092,
        1.8628067085411866
      ],
      "matrix": [
        [
          0.9981801164704756,
          0.048237944542696386,
          0.03618778508397981,
          -0.14100997831260742
        ],
        [
          0.040474840242673706,
          -0.09108162520862902,
          -0.9950205650420924,
          2.2157068561235014
        ],
        [
          -0.04470170455719342,
          0.9946744383242441,
          -0.09286829035807018,
          -3.736151670915088
        ],
        [
          0.0,
          0.0,
          0.0,
          1.0
        ]
      ]
    },
    {
      "id": 28,
      "label": "IMG_2179",
      "rotation": [
        [
          0.9989624626702314,
          -0.018332823659097258,
          0.04168819680091173
        ],
        [
          -0.020709788432530706,
          -0.9981410470122478,
          0.05731976040052211
        ],
        [
          0.040559867343310206,
          -0.05812364274525411,
          -0.9974851073149488
        ]
      ],
      "translation": [
        -0.1833030658040151,
        2.196505573447423,
        -3.8443123353318724
      ],
      "center": [
        0.38452684609486487,
        1.9656164732874886,
        -3.9529059012676635
      ],
      "matrix": [
        [
          0.9989624626702314,
          -0.018332823659097258,
          0.04168819680091173,
          -0.1833030658040151
        ],
        [
          -0.020709788432530706,
          -0.9981410470122478,
          0.05731976040052211,
          2.196505573447423
        ],
        [
          0.040559867343310206,
          -0.05812364274525411,
          -0.9974851073149488,
          -3.8443123353318724
        ],
        [
          0.0,
          0.0,
          0.0,
          1.0
        ]
      ]
    },
    {
      "id": 29,
      "label": "IMG_2180",
      "rotation": [
        [
          0.9921487304345,
          -0.0613924325756189,
          0.10895809249274649
        ],
        [
          -0.11888033796726075,
          -0.7335082325267028,
          0.6692033607658754
        ],
        [
          0.0388376356386389,
          -0.67690223964617,
          -0.7350476147978442
        ]
      ],
      "translation": [
        -0.17305024708165082,
        2.4595058684226108,
        -3.6266309848855234
      ],
      "center": [
        0.6049282446007596,
        -0.6614308092296377,
        -4.292800823336449
      ],
      "matrix": [
        [
          0.9921487304345,
          -0.0613924325756189,
          0.10895809249274649,
          -0.17305024708165082
        ],
        [
          -0.11888033796726075,
          -0.7335082325267028,
          0.6692033607658754,
          2.4595058684226108
        ],
        [
          0.0388376356386389,
          -0.67690223964617,
          -0.7350476147978442,
          -3.6266309848855234
        ],
        [
          0.0,
          0.0,
          0.0,
          1.0
        ]
      ]
    },
    {
      "id": 30,
      "label": "IMG_2181",
      "rotation": [
        [
          0.9932734935633771,
          -0.05253036916529712,
          0.10319073262537001
        ],
        [
          -0.11539044507881989,
          -0.3749020996532997,
          0.9198551303656781
        ],
        [
          -0.009633907250688113,
          -0.9255749434761639,
          -0.3784418209450174
        ]
      ],
      "translation": [
        -0.16544017344533016,
        2.474651863980216,
        -3.5471329564439613
      ],
      "center": [
        0.4157057691453423,
        -2.3640758393317767,
        -3.6016327754184334
      ],
      "matrix": [
        [
          0.9932734935633771,
          -0.05253036916529712,
          0.10319073262537001,
          -0.16544017344533016
        ],
        [
          -0.11539044507881989,
          -0.3749020996532997,
          0.9198551303656781,
          2.474651863980216
        ],
        [
          -0.009633907250688113,
          -0.9255749434761639,
          -0.3784418209450174,
          -3.5471329564439613
        ],
        [
          0.0,
          0.0,
          0.0,
          1.0
        ]
      ]
    },
    {
      "id": 31,
      "label": "IMG_2182",
      "rotation": [
        [
          0.998424396176615,
          0.05570890478189772,
          0.006726295218275172
        ],
        [
          0.027369593415555355,
          -0.37883054369119645,
          -0.9250612544706968
        ],
        [
          -0.04898602326816426,
          0.9237878203866043,
          -0.3797583869116483
        ]
      ],
      "translation": [
        -0.19351977564496503,
        2.8818529001512414,
        -3.925832288795114
      ],
      "center": [
        -0.07797118885984829,
        4.729150729026558,
        1.1763243928769889
      ],
      "matrix": [
        [
          0.998424396176615,
          0.05570890478189772,
          0.006726295218275172,
          -0.19351977564496503
        ],
        [
          0.027369593415555355,
          -0.37883054369119645,
          -0.9250612544706968,
          2.8818529001512414
        ],
        [
          -0.04898602326816426,
          0.9237878203866043,
          -0.3797583869116483,
          -3.925832288795114
        ],
        [
          0.0,
          0.0,
          0.0,
          1.0
        ]
      ]
    },
    {
      "id": 32,
      "label": "IMG_2183",
      "rotation": [
        [
          0.9979293102032287,
          0.06106769585099236,
          0.02019476072547195
        ],
        [
          0.04499214094825053,
          -0.4383806285871709,
          -0.8976625934795374
        ],
        [
          -0.04596519433442149,
          0.8967124182272526,
          -0.4402204446715663
        ]
      ],
      "translation": [
        -0.1762220108675867,
        2.8731365553577857,
        -3.935655877929368
      ],
      "center": [
        -0.13431464237694343,
        4.799440380924781,
        0.8501097923910366
      ],
      "matrix": [
        [
          0.9979293102032287,
          0.06106769585099236,
          0.02019476072547195,
          -0.1762220108675867
        ],
        [
          0.04499214094825053,
          -0.4383806285871709,
          -0.8976625934795374,
          2.8731365553577857
        ],
        [
          -0.04596519433442149,
          0.8967124182272526,
          -0.4402204446715663,
          -3.935655877929368
        ],
        [
          0.0,
          0.0,
          0.0,
          1.0
        ]
      ]
    }
  ],
  "metadata": {
    "total_cameras": 33,
    "description": "Camera poses for virtual tour navigation",
    "coordinate_system": "Right-handed, Y-up (Three.js compatible)"
  }
}